{
  "method": "Pearson correlation",
  "windowDays": 63,
  "actualWindowDays": 63,
  "timing": "Completed daily strategy returns only",
  "purpose": "Risk monitoring and diversification review; not signal generation",
  "asOf": "2026-06-15",
  "labels": [
    "STR-01",
    "STR-02",
    "STR-03",
    "STR-04",
    "STR-05",
    "STR-06",
    "STR-07",
    "STR-08",
    "STR-09",
    "STR-10",
    "STR-11",
    "STR-12",
    "STR-13",
    "STR-14",
    "STR-15",
    "STR-16",
    "STR-17",
    "STR-18",
    "STR-19",
    "STR-20"
  ],
  "names": [
    "WQ Alpha 001 - Short-Term Reversal",
    "WQ Alpha 004 - Rank Momentum",
    "WQ Alpha 006 - Volume Price Divergence",
    "WQ Alpha 012 - Open-Close Pressure",
    "WQ Alpha 021 - Trend Stability",
    "WQ Alpha 024 - Delayed Momentum",
    "WQ Alpha 028 - Correlation Reversal",
    "WQ Alpha 032 - VWAP Mean Reversion",
    "WQ Alpha 041 - High-Low Range",
    "WQ Alpha 043 - Volume Acceleration",
    "WQ Alpha 051 - Decay Momentum",
    "WQ Alpha 055 - Turnover Reversal",
    "WQ Alpha 060 - Price Volume Rank",
    "WQ Alpha 071 - Composite Rank",
    "WQ Alpha 078 - Correlation Break",
    "WQ Alpha 083 - Range Momentum",
    "WQ Alpha 088 - Liquidity Adjusted Momentum",
    "WQ Alpha 092 - Delayed Reversal",
    "WQ Alpha 096 - Risk Controlled Momentum",
    "WQ Alpha 101 - Close To Open Reversal"
  ],
  "matrix": [
    [
      1.0,
      0.294,
      -0.052,
      0.144,
      0.24,
      0.329,
      0.487,
      0.85,
      0.231,
      0.555,
      0.128,
      0.959,
      0.128,
      0.42,
      0.488,
      0.215,
      0.329,
      0.361,
      0.197,
      0.562
    ],
    [
      0.294,
      1.0,
      0.613,
      0.196,
      0.922,
      0.937,
      -0.012,
      0.171,
      0.324,
      0.381,
      0.855,
      0.248,
      0.756,
      0.862,
      0.463,
      0.85,
      0.915,
      -0.032,
      0.891,
      0.612
    ],
    [
      -0.052,
      0.613,
      1.0,
      0.562,
      0.556,
      0.504,
      0.071,
      -0.018,
      0.43,
      0.311,
      0.833,
      -0.075,
      0.851,
      0.431,
      0.439,
      0.78,
      0.521,
      0.1,
      0.547,
      0.346
    ],
    [
      0.144,
      0.196,
      0.562,
      1.0,
      0.112,
      0.112,
      0.409,
      0.14,
      0.287,
      0.521,
      0.417,
      0.147,
      0.467,
      0.033,
      0.395,
      0.404,
      0.084,
      0.341,
      0.034,
      -0.125
    ],
    [
      0.24,
      0.922,
      0.556,
      0.112,
      1.0,
      0.949,
      -0.126,
      0.088,
      0.23,
      0.252,
      0.805,
      0.196,
      0.689,
      0.905,
      0.369,
      0.78,
      0.929,
      -0.173,
      0.908,
      0.541
    ],
    [
      0.329,
      0.937,
      0.504,
      0.112,
      0.949,
      1.0,
      -0.035,
      0.172,
      0.222,
      0.27,
      0.784,
      0.276,
      0.685,
      0.934,
      0.432,
      0.777,
      0.936,
      -0.112,
      0.899,
      0.614
    ],
    [
      0.487,
      -0.012,
      0.071,
      0.409,
      -0.126,
      -0.035,
      1.0,
      0.551,
      0.469,
      0.586,
      0.05,
      0.472,
      0.067,
      0.004,
      0.474,
      0.098,
      0.014,
      0.824,
      -0.25,
      0.231
    ],
    [
      0.85,
      0.171,
      -0.018,
      0.14,
      0.088,
      0.172,
      0.551,
      1.0,
      0.312,
      0.582,
      0.073,
      0.868,
      0.066,
      0.259,
      0.547,
      0.152,
      0.184,
      0.548,
      0.09,
      0.554
    ],
    [
      0.231,
      0.324,
      0.43,
      0.287,
      0.23,
      0.222,
      0.469,
      0.312,
      1.0,
      0.518,
      0.418,
      0.179,
      0.421,
      0.205,
      0.582,
      0.423,
      0.343,
      0.554,
      0.212,
      0.311
    ],
    [
      0.555,
      0.381,
      0.311,
      0.521,
      0.252,
      0.27,
      0.586,
      0.582,
      0.518,
      1.0,
      0.437,
      0.538,
      0.371,
      0.264,
      0.657,
      0.46,
      0.36,
      0.65,
      0.159,
      0.344
    ],
    [
      0.128,
      0.855,
      0.833,
      0.417,
      0.805,
      0.784,
      0.05,
      0.073,
      0.418,
      0.437,
      1.0,
      0.089,
      0.904,
      0.724,
      0.52,
      0.947,
      0.823,
      0.054,
      0.771,
      0.484
    ],
    [
      0.959,
      0.248,
      -0.075,
      0.147,
      0.196,
      0.276,
      0.472,
      0.868,
      0.179,
      0.538,
      0.089,
      1.0,
      0.07,
      0.373,
      0.484,
      0.19,
      0.274,
      0.348,
      0.156,
      0.56
    ],
    [
      0.128,
      0.756,
      0.851,
      0.467,
      0.689,
      0.685,
      0.067,
      0.066,
      0.421,
      0.371,
      0.904,
      0.07,
      1.0,
      0.615,
      0.419,
      0.829,
      0.71,
      0.075,
      0.662,
      0.447
    ],
    [
      0.42,
      0.862,
      0.431,
      0.033,
      0.905,
      0.934,
      0.004,
      0.259,
      0.205,
      0.264,
      0.724,
      0.373,
      0.615,
      1.0,
      0.432,
      0.725,
      0.931,
      -0.076,
      0.864,
      0.676
    ],
    [
      0.488,
      0.463,
      0.439,
      0.395,
      0.369,
      0.432,
      0.474,
      0.547,
      0.582,
      0.657,
      0.52,
      0.484,
      0.419,
      0.432,
      1.0,
      0.585,
      0.472,
      0.522,
      0.36,
      0.602
    ],
    [
      0.215,
      0.85,
      0.78,
      0.404,
      0.78,
      0.777,
      0.098,
      0.152,
      0.423,
      0.46,
      0.947,
      0.19,
      0.829,
      0.725,
      0.585,
      1.0,
      0.796,
      0.099,
      0.757,
      0.543
    ],
    [
      0.329,
      0.915,
      0.521,
      0.084,
      0.929,
      0.936,
      0.014,
      0.184,
      0.343,
      0.36,
      0.823,
      0.274,
      0.71,
      0.931,
      0.472,
      0.796,
      1.0,
      -0.028,
      0.855,
      0.646
    ],
    [
      0.361,
      -0.032,
      0.1,
      0.341,
      -0.173,
      -0.112,
      0.824,
      0.548,
      0.554,
      0.65,
      0.054,
      0.348,
      0.075,
      -0.076,
      0.522,
      0.099,
      -0.028,
      1.0,
      -0.225,
      0.202
    ],
    [
      0.197,
      0.891,
      0.547,
      0.034,
      0.908,
      0.899,
      -0.25,
      0.09,
      0.212,
      0.159,
      0.771,
      0.156,
      0.662,
      0.864,
      0.36,
      0.757,
      0.855,
      -0.225,
      1.0,
      0.551
    ],
    [
      0.562,
      0.612,
      0.346,
      -0.125,
      0.541,
      0.614,
      0.231,
      0.554,
      0.311,
      0.344,
      0.484,
      0.56,
      0.447,
      0.676,
      0.602,
      0.543,
      0.646,
      0.202,
      0.551,
      1.0
    ]
  ],
  "highCorrelationPairs": [
    {
      "leftId": "STR-01",
      "leftName": "WQ Alpha 001 - Short-Term Reversal",
      "rightId": "STR-12",
      "rightName": "WQ Alpha 055 - Turnover Reversal",
      "correlation": 0.959,
      "status": "Breach"
    },
    {
      "leftId": "STR-05",
      "leftName": "WQ Alpha 021 - Trend Stability",
      "rightId": "STR-06",
      "rightName": "WQ Alpha 024 - Delayed Momentum",
      "correlation": 0.949,
      "status": "Breach"
    },
    {
      "leftId": "STR-11",
      "leftName": "WQ Alpha 051 - Decay Momentum",
      "rightId": "STR-16",
      "rightName": "WQ Alpha 083 - Range Momentum",
      "correlation": 0.947,
      "status": "Breach"
    },
    {
      "leftId": "STR-02",
      "leftName": "WQ Alpha 004 - Rank Momentum",
      "rightId": "STR-06",
      "rightName": "WQ Alpha 024 - Delayed Momentum",
      "correlation": 0.937,
      "status": "Breach"
    },
    {
      "leftId": "STR-06",
      "leftName": "WQ Alpha 024 - Delayed Momentum",
      "rightId": "STR-17",
      "rightName": "WQ Alpha 088 - Liquidity Adjusted Momentum",
      "correlation": 0.936,
      "status": "Breach"
    },
    {
      "leftId": "STR-06",
      "leftName": "WQ Alpha 024 - Delayed Momentum",
      "rightId": "STR-14",
      "rightName": "WQ Alpha 071 - Composite Rank",
      "correlation": 0.934,
      "status": "Breach"
    },
    {
      "leftId": "STR-14",
      "leftName": "WQ Alpha 071 - Composite Rank",
      "rightId": "STR-17",
      "rightName": "WQ Alpha 088 - Liquidity Adjusted Momentum",
      "correlation": 0.931,
      "status": "Breach"
    },
    {
      "leftId": "STR-05",
      "leftName": "WQ Alpha 021 - Trend Stability",
      "rightId": "STR-17",
      "rightName": "WQ Alpha 088 - Liquidity Adjusted Momentum",
      "correlation": 0.929,
      "status": "Breach"
    },
    {
      "leftId": "STR-02",
      "leftName": "WQ Alpha 004 - Rank Momentum",
      "rightId": "STR-05",
      "rightName": "WQ Alpha 021 - Trend Stability",
      "correlation": 0.922,
      "status": "Breach"
    },
    {
      "leftId": "STR-02",
      "leftName": "WQ Alpha 004 - Rank Momentum",
      "rightId": "STR-17",
      "rightName": "WQ Alpha 088 - Liquidity Adjusted Momentum",
      "correlation": 0.915,
      "status": "Breach"
    }
  ]
}
