{
  "method": "Pearson correlation",
  "windowDays": 63,
  "actualWindowDays": 63,
  "timing": "Completed daily strategy returns only",
  "purpose": "Risk monitoring and diversification review; not signal generation",
  "asOf": "2026-06-26",
  "labels": [
    "STR-01",
    "STR-02",
    "STR-03",
    "STR-04",
    "STR-05",
    "STR-06",
    "STR-07",
    "STR-08",
    "STR-09",
    "STR-10",
    "STR-11",
    "STR-12",
    "STR-13",
    "STR-14",
    "STR-15",
    "STR-16",
    "STR-17",
    "STR-18",
    "STR-19",
    "STR-20"
  ],
  "names": [
    "WQ Alpha 001 - Short-Term Reversal",
    "WQ Alpha 004 - Rank Momentum",
    "WQ Alpha 006 - Volume Price Divergence",
    "WQ Alpha 012 - Open-Close Pressure",
    "WQ Alpha 021 - Trend Stability",
    "WQ Alpha 024 - Delayed Momentum",
    "WQ Alpha 028 - Correlation Reversal",
    "WQ Alpha 032 - VWAP Mean Reversion",
    "WQ Alpha 041 - High-Low Range",
    "WQ Alpha 043 - Volume Acceleration",
    "WQ Alpha 051 - Decay Momentum",
    "WQ Alpha 055 - Turnover Reversal",
    "WQ Alpha 060 - Price Volume Rank",
    "WQ Alpha 071 - Composite Rank",
    "WQ Alpha 078 - Correlation Break",
    "WQ Alpha 083 - Range Momentum",
    "WQ Alpha 088 - Liquidity Adjusted Momentum",
    "WQ Alpha 092 - Delayed Reversal",
    "WQ Alpha 096 - Risk Controlled Momentum",
    "WQ Alpha 101 - Close To Open Reversal"
  ],
  "matrix": [
    [
      1.0,
      0.083,
      -0.216,
      0.022,
      0.06,
      0.127,
      0.492,
      0.859,
      0.236,
      0.544,
      -0.046,
      0.964,
      -0.049,
      0.254,
      0.481,
      0.064,
      0.155,
      0.298,
      0.044,
      0.535
    ],
    [
      0.083,
      1.0,
      0.697,
      0.301,
      0.948,
      0.959,
      -0.114,
      -0.041,
      0.309,
      0.249,
      0.881,
      0.06,
      0.799,
      0.884,
      0.313,
      0.855,
      0.934,
      -0.063,
      0.916,
      0.43
    ],
    [
      -0.216,
      0.697,
      1.0,
      0.571,
      0.667,
      0.626,
      -0.075,
      -0.199,
      0.405,
      0.183,
      0.862,
      -0.22,
      0.873,
      0.519,
      0.294,
      0.79,
      0.623,
      0.038,
      0.644,
      0.23
    ],
    [
      0.022,
      0.301,
      0.571,
      1.0,
      0.233,
      0.246,
      0.31,
      -0.002,
      0.277,
      0.424,
      0.46,
      0.025,
      0.503,
      0.123,
      0.258,
      0.442,
      0.197,
      0.275,
      0.163,
      -0.195
    ],
    [
      0.06,
      0.948,
      0.667,
      0.233,
      1.0,
      0.96,
      -0.197,
      -0.077,
      0.245,
      0.169,
      0.851,
      0.042,
      0.749,
      0.917,
      0.272,
      0.809,
      0.944,
      -0.154,
      0.928,
      0.4
    ],
    [
      0.127,
      0.959,
      0.626,
      0.246,
      0.96,
      1.0,
      -0.112,
      -0.027,
      0.24,
      0.167,
      0.833,
      0.102,
      0.751,
      0.939,
      0.305,
      0.804,
      0.948,
      -0.116,
      0.92,
      0.437
    ],
    [
      0.492,
      -0.114,
      -0.075,
      0.31,
      -0.197,
      -0.112,
      1.0,
      0.526,
      0.396,
      0.591,
      -0.08,
      0.492,
      -0.061,
      -0.082,
      0.437,
      -0.02,
      -0.072,
      0.732,
      -0.293,
      0.215
    ],
    [
      0.859,
      -0.041,
      -0.199,
      -0.002,
      -0.077,
      -0.027,
      0.526,
      1.0,
      0.318,
      0.607,
      -0.122,
      0.873,
      -0.125,
      0.079,
      0.535,
      -0.028,
      0.017,
      0.515,
      -0.068,
      0.546
    ],
    [
      0.236,
      0.309,
      0.405,
      0.277,
      0.245,
      0.24,
      0.396,
      0.318,
      1.0,
      0.514,
      0.398,
      0.186,
      0.396,
      0.187,
      0.559,
      0.397,
      0.359,
      0.526,
      0.233,
      0.341
    ],
    [
      0.544,
      0.249,
      0.183,
      0.424,
      0.169,
      0.167,
      0.591,
      0.607,
      0.514,
      1.0,
      0.268,
      0.502,
      0.216,
      0.157,
      0.639,
      0.306,
      0.249,
      0.704,
      0.082,
      0.329
    ],
    [
      -0.046,
      0.881,
      0.862,
      0.46,
      0.851,
      0.833,
      -0.08,
      -0.122,
      0.398,
      0.268,
      1.0,
      -0.066,
      0.926,
      0.762,
      0.349,
      0.944,
      0.859,
      -0.027,
      0.823,
      0.356
    ],
    [
      0.964,
      0.06,
      -0.22,
      0.025,
      0.042,
      0.102,
      0.492,
      0.873,
      0.186,
      0.502,
      -0.066,
      1.0,
      -0.081,
      0.236,
      0.462,
      0.052,
      0.125,
      0.285,
      0.022,
      0.544
    ],
    [
      -0.049,
      0.799,
      0.873,
      0.503,
      0.749,
      0.751,
      -0.061,
      -0.125,
      0.396,
      0.216,
      0.926,
      -0.081,
      1.0,
      0.671,
      0.265,
      0.846,
      0.768,
      0.001,
      0.72,
      0.321
    ],
    [
      0.254,
      0.884,
      0.519,
      0.123,
      0.917,
      0.939,
      -0.082,
      0.079,
      0.187,
      0.157,
      0.762,
      0.236,
      0.671,
      1.0,
      0.318,
      0.754,
      0.933,
      -0.132,
      0.892,
      0.551
    ],
    [
      0.481,
      0.313,
      0.294,
      0.258,
      0.272,
      0.305,
      0.437,
      0.535,
      0.559,
      0.639,
      0.349,
      0.462,
      0.265,
      0.318,
      1.0,
      0.434,
      0.344,
      0.484,
      0.267,
      0.572
    ],
    [
      0.064,
      0.855,
      0.79,
      0.442,
      0.809,
      0.804,
      -0.02,
      -0.028,
      0.397,
      0.306,
      0.944,
      0.052,
      0.846,
      0.754,
      0.434,
      1.0,
      0.82,
      0.003,
      0.797,
      0.436
    ],
    [
      0.155,
      0.934,
      0.623,
      0.197,
      0.944,
      0.948,
      -0.072,
      0.017,
      0.359,
      0.249,
      0.859,
      0.125,
      0.768,
      0.933,
      0.344,
      0.82,
      1.0,
      -0.049,
      0.887,
      0.511
    ],
    [
      0.298,
      -0.063,
      0.038,
      0.275,
      -0.154,
      -0.116,
      0.732,
      0.515,
      0.526,
      0.704,
      -0.027,
      0.285,
      0.001,
      -0.132,
      0.484,
      0.003,
      -0.049,
      1.0,
      -0.212,
      0.195
    ],
    [
      0.044,
      0.916,
      0.644,
      0.163,
      0.928,
      0.92,
      -0.293,
      -0.068,
      0.233,
      0.082,
      0.823,
      0.022,
      0.72,
      0.892,
      0.267,
      0.797,
      0.887,
      -0.212,
      1.0,
      0.419
    ],
    [
      0.535,
      0.43,
      0.23,
      -0.195,
      0.4,
      0.437,
      0.215,
      0.546,
      0.341,
      0.329,
      0.356,
      0.544,
      0.321,
      0.551,
      0.572,
      0.436,
      0.511,
      0.195,
      0.419,
      1.0
    ]
  ],
  "highCorrelationPairs": [
    {
      "leftId": "STR-01",
      "leftName": "WQ Alpha 001 - Short-Term Reversal",
      "rightId": "STR-12",
      "rightName": "WQ Alpha 055 - Turnover Reversal",
      "correlation": 0.964,
      "status": "Breach"
    },
    {
      "leftId": "STR-05",
      "leftName": "WQ Alpha 021 - Trend Stability",
      "rightId": "STR-06",
      "rightName": "WQ Alpha 024 - Delayed Momentum",
      "correlation": 0.96,
      "status": "Breach"
    },
    {
      "leftId": "STR-02",
      "leftName": "WQ Alpha 004 - Rank Momentum",
      "rightId": "STR-06",
      "rightName": "WQ Alpha 024 - Delayed Momentum",
      "correlation": 0.959,
      "status": "Breach"
    },
    {
      "leftId": "STR-02",
      "leftName": "WQ Alpha 004 - Rank Momentum",
      "rightId": "STR-05",
      "rightName": "WQ Alpha 021 - Trend Stability",
      "correlation": 0.948,
      "status": "Breach"
    },
    {
      "leftId": "STR-06",
      "leftName": "WQ Alpha 024 - Delayed Momentum",
      "rightId": "STR-17",
      "rightName": "WQ Alpha 088 - Liquidity Adjusted Momentum",
      "correlation": 0.948,
      "status": "Breach"
    },
    {
      "leftId": "STR-05",
      "leftName": "WQ Alpha 021 - Trend Stability",
      "rightId": "STR-17",
      "rightName": "WQ Alpha 088 - Liquidity Adjusted Momentum",
      "correlation": 0.944,
      "status": "Breach"
    },
    {
      "leftId": "STR-11",
      "leftName": "WQ Alpha 051 - Decay Momentum",
      "rightId": "STR-16",
      "rightName": "WQ Alpha 083 - Range Momentum",
      "correlation": 0.944,
      "status": "Breach"
    },
    {
      "leftId": "STR-06",
      "leftName": "WQ Alpha 024 - Delayed Momentum",
      "rightId": "STR-14",
      "rightName": "WQ Alpha 071 - Composite Rank",
      "correlation": 0.939,
      "status": "Breach"
    },
    {
      "leftId": "STR-02",
      "leftName": "WQ Alpha 004 - Rank Momentum",
      "rightId": "STR-17",
      "rightName": "WQ Alpha 088 - Liquidity Adjusted Momentum",
      "correlation": 0.934,
      "status": "Breach"
    },
    {
      "leftId": "STR-14",
      "leftName": "WQ Alpha 071 - Composite Rank",
      "rightId": "STR-17",
      "rightName": "WQ Alpha 088 - Liquidity Adjusted Momentum",
      "correlation": 0.933,
      "status": "Breach"
    }
  ]
}
