{
  "method": "Pearson correlation",
  "windowDays": 63,
  "actualWindowDays": 63,
  "timing": "Completed daily strategy returns only",
  "purpose": "Risk monitoring and diversification review; not signal generation",
  "asOf": "2026-06-17",
  "labels": [
    "STR-01",
    "STR-02",
    "STR-03",
    "STR-04",
    "STR-05",
    "STR-06",
    "STR-07",
    "STR-08",
    "STR-09",
    "STR-10",
    "STR-11",
    "STR-12",
    "STR-13",
    "STR-14",
    "STR-15",
    "STR-16",
    "STR-17",
    "STR-18",
    "STR-19",
    "STR-20"
  ],
  "names": [
    "WQ Alpha 001 - Short-Term Reversal",
    "WQ Alpha 004 - Rank Momentum",
    "WQ Alpha 006 - Volume Price Divergence",
    "WQ Alpha 012 - Open-Close Pressure",
    "WQ Alpha 021 - Trend Stability",
    "WQ Alpha 024 - Delayed Momentum",
    "WQ Alpha 028 - Correlation Reversal",
    "WQ Alpha 032 - VWAP Mean Reversion",
    "WQ Alpha 041 - High-Low Range",
    "WQ Alpha 043 - Volume Acceleration",
    "WQ Alpha 051 - Decay Momentum",
    "WQ Alpha 055 - Turnover Reversal",
    "WQ Alpha 060 - Price Volume Rank",
    "WQ Alpha 071 - Composite Rank",
    "WQ Alpha 078 - Correlation Break",
    "WQ Alpha 083 - Range Momentum",
    "WQ Alpha 088 - Liquidity Adjusted Momentum",
    "WQ Alpha 092 - Delayed Reversal",
    "WQ Alpha 096 - Risk Controlled Momentum",
    "WQ Alpha 101 - Close To Open Reversal"
  ],
  "matrix": [
    [
      1.0,
      0.29,
      -0.06,
      0.154,
      0.231,
      0.329,
      0.486,
      0.857,
      0.267,
      0.564,
      0.117,
      0.957,
      0.117,
      0.402,
      0.504,
      0.202,
      0.322,
      0.366,
      0.193,
      0.531
    ],
    [
      0.29,
      1.0,
      0.627,
      0.219,
      0.927,
      0.939,
      -0.019,
      0.187,
      0.328,
      0.388,
      0.859,
      0.253,
      0.763,
      0.87,
      0.45,
      0.851,
      0.92,
      -0.016,
      0.894,
      0.6
    ],
    [
      -0.06,
      0.627,
      1.0,
      0.564,
      0.569,
      0.518,
      0.048,
      -0.019,
      0.405,
      0.299,
      0.836,
      -0.077,
      0.853,
      0.446,
      0.412,
      0.783,
      0.534,
      0.095,
      0.56,
      0.343
    ],
    [
      0.154,
      0.219,
      0.564,
      1.0,
      0.133,
      0.137,
      0.396,
      0.155,
      0.285,
      0.525,
      0.423,
      0.156,
      0.469,
      0.053,
      0.389,
      0.409,
      0.108,
      0.343,
      0.054,
      -0.128
    ],
    [
      0.231,
      0.927,
      0.569,
      0.133,
      1.0,
      0.952,
      -0.141,
      0.1,
      0.223,
      0.248,
      0.808,
      0.196,
      0.694,
      0.908,
      0.35,
      0.78,
      0.932,
      -0.163,
      0.911,
      0.529
    ],
    [
      0.329,
      0.939,
      0.518,
      0.137,
      0.952,
      1.0,
      -0.041,
      0.194,
      0.233,
      0.279,
      0.788,
      0.284,
      0.691,
      0.938,
      0.423,
      0.779,
      0.94,
      -0.094,
      0.901,
      0.6
    ],
    [
      0.486,
      -0.019,
      0.048,
      0.396,
      -0.141,
      -0.041,
      1.0,
      0.54,
      0.456,
      0.579,
      0.031,
      0.472,
      0.045,
      -0.013,
      0.469,
      0.082,
      0.001,
      0.818,
      -0.257,
      0.221
    ],
    [
      0.857,
      0.187,
      -0.019,
      0.155,
      0.1,
      0.194,
      0.54,
      1.0,
      0.342,
      0.588,
      0.071,
      0.869,
      0.062,
      0.259,
      0.556,
      0.146,
      0.198,
      0.546,
      0.102,
      0.522
    ],
    [
      0.267,
      0.328,
      0.405,
      0.285,
      0.223,
      0.233,
      0.456,
      0.342,
      1.0,
      0.52,
      0.4,
      0.202,
      0.398,
      0.198,
      0.588,
      0.408,
      0.342,
      0.548,
      0.214,
      0.292
    ],
    [
      0.564,
      0.388,
      0.299,
      0.525,
      0.248,
      0.279,
      0.579,
      0.588,
      0.52,
      1.0,
      0.427,
      0.546,
      0.363,
      0.255,
      0.658,
      0.451,
      0.359,
      0.647,
      0.163,
      0.331
    ],
    [
      0.117,
      0.859,
      0.836,
      0.423,
      0.808,
      0.788,
      0.031,
      0.071,
      0.4,
      0.427,
      1.0,
      0.085,
      0.906,
      0.73,
      0.497,
      0.947,
      0.825,
      0.051,
      0.777,
      0.479
    ],
    [
      0.957,
      0.253,
      -0.077,
      0.156,
      0.196,
      0.284,
      0.472,
      0.869,
      0.202,
      0.546,
      0.085,
      1.0,
      0.067,
      0.367,
      0.494,
      0.185,
      0.276,
      0.352,
      0.16,
      0.544
    ],
    [
      0.117,
      0.763,
      0.853,
      0.469,
      0.694,
      0.691,
      0.045,
      0.062,
      0.398,
      0.363,
      0.906,
      0.067,
      1.0,
      0.623,
      0.397,
      0.832,
      0.716,
      0.069,
      0.671,
      0.444
    ],
    [
      0.402,
      0.87,
      0.446,
      0.053,
      0.908,
      0.938,
      -0.013,
      0.259,
      0.198,
      0.255,
      0.73,
      0.367,
      0.623,
      1.0,
      0.413,
      0.728,
      0.933,
      -0.074,
      0.869,
      0.665
    ],
    [
      0.504,
      0.45,
      0.412,
      0.389,
      0.35,
      0.423,
      0.469,
      0.556,
      0.588,
      0.658,
      0.497,
      0.494,
      0.397,
      0.413,
      1.0,
      0.565,
      0.456,
      0.517,
      0.35,
      0.584
    ],
    [
      0.202,
      0.851,
      0.783,
      0.409,
      0.78,
      0.779,
      0.082,
      0.146,
      0.408,
      0.451,
      0.947,
      0.185,
      0.832,
      0.728,
      0.565,
      1.0,
      0.796,
      0.095,
      0.761,
      0.539
    ],
    [
      0.322,
      0.92,
      0.534,
      0.108,
      0.932,
      0.94,
      0.001,
      0.198,
      0.342,
      0.359,
      0.825,
      0.276,
      0.716,
      0.933,
      0.456,
      0.796,
      1.0,
      -0.018,
      0.859,
      0.631
    ],
    [
      0.366,
      -0.016,
      0.095,
      0.343,
      -0.163,
      -0.094,
      0.818,
      0.546,
      0.548,
      0.647,
      0.051,
      0.352,
      0.069,
      -0.074,
      0.517,
      0.095,
      -0.018,
      1.0,
      -0.214,
      0.193
    ],
    [
      0.193,
      0.894,
      0.56,
      0.054,
      0.911,
      0.901,
      -0.257,
      0.102,
      0.214,
      0.163,
      0.777,
      0.16,
      0.671,
      0.869,
      0.35,
      0.761,
      0.859,
      -0.214,
      1.0,
      0.545
    ],
    [
      0.531,
      0.6,
      0.343,
      -0.128,
      0.529,
      0.6,
      0.221,
      0.522,
      0.292,
      0.331,
      0.479,
      0.544,
      0.444,
      0.665,
      0.584,
      0.539,
      0.631,
      0.193,
      0.545,
      1.0
    ]
  ],
  "highCorrelationPairs": [
    {
      "leftId": "STR-01",
      "leftName": "WQ Alpha 001 - Short-Term Reversal",
      "rightId": "STR-12",
      "rightName": "WQ Alpha 055 - Turnover Reversal",
      "correlation": 0.957,
      "status": "Breach"
    },
    {
      "leftId": "STR-05",
      "leftName": "WQ Alpha 021 - Trend Stability",
      "rightId": "STR-06",
      "rightName": "WQ Alpha 024 - Delayed Momentum",
      "correlation": 0.952,
      "status": "Breach"
    },
    {
      "leftId": "STR-11",
      "leftName": "WQ Alpha 051 - Decay Momentum",
      "rightId": "STR-16",
      "rightName": "WQ Alpha 083 - Range Momentum",
      "correlation": 0.947,
      "status": "Breach"
    },
    {
      "leftId": "STR-06",
      "leftName": "WQ Alpha 024 - Delayed Momentum",
      "rightId": "STR-17",
      "rightName": "WQ Alpha 088 - Liquidity Adjusted Momentum",
      "correlation": 0.94,
      "status": "Breach"
    },
    {
      "leftId": "STR-02",
      "leftName": "WQ Alpha 004 - Rank Momentum",
      "rightId": "STR-06",
      "rightName": "WQ Alpha 024 - Delayed Momentum",
      "correlation": 0.939,
      "status": "Breach"
    },
    {
      "leftId": "STR-06",
      "leftName": "WQ Alpha 024 - Delayed Momentum",
      "rightId": "STR-14",
      "rightName": "WQ Alpha 071 - Composite Rank",
      "correlation": 0.938,
      "status": "Breach"
    },
    {
      "leftId": "STR-14",
      "leftName": "WQ Alpha 071 - Composite Rank",
      "rightId": "STR-17",
      "rightName": "WQ Alpha 088 - Liquidity Adjusted Momentum",
      "correlation": 0.933,
      "status": "Breach"
    },
    {
      "leftId": "STR-05",
      "leftName": "WQ Alpha 021 - Trend Stability",
      "rightId": "STR-17",
      "rightName": "WQ Alpha 088 - Liquidity Adjusted Momentum",
      "correlation": 0.932,
      "status": "Breach"
    },
    {
      "leftId": "STR-02",
      "leftName": "WQ Alpha 004 - Rank Momentum",
      "rightId": "STR-05",
      "rightName": "WQ Alpha 021 - Trend Stability",
      "correlation": 0.927,
      "status": "Breach"
    },
    {
      "leftId": "STR-02",
      "leftName": "WQ Alpha 004 - Rank Momentum",
      "rightId": "STR-17",
      "rightName": "WQ Alpha 088 - Liquidity Adjusted Momentum",
      "correlation": 0.92,
      "status": "Breach"
    }
  ]
}
