{
  "method": "Pearson correlation",
  "windowDays": 63,
  "actualWindowDays": 63,
  "timing": "Completed daily strategy returns only",
  "purpose": "Risk monitoring and diversification review; not signal generation",
  "asOf": "2026-07-01",
  "labels": [
    "STR-01",
    "STR-02",
    "STR-03",
    "STR-04",
    "STR-05",
    "STR-06",
    "STR-07",
    "STR-08",
    "STR-09",
    "STR-10",
    "STR-11",
    "STR-12",
    "STR-13",
    "STR-14",
    "STR-15",
    "STR-16",
    "STR-17",
    "STR-18",
    "STR-19",
    "STR-20"
  ],
  "names": [
    "WQ Alpha 001 - Short-Term Reversal",
    "WQ Alpha 004 - Rank Momentum",
    "WQ Alpha 006 - Volume Price Divergence",
    "WQ Alpha 012 - Open-Close Pressure",
    "WQ Alpha 021 - Trend Stability",
    "WQ Alpha 024 - Delayed Momentum",
    "WQ Alpha 028 - Correlation Reversal",
    "WQ Alpha 032 - VWAP Mean Reversion",
    "WQ Alpha 041 - High-Low Range",
    "WQ Alpha 043 - Volume Acceleration",
    "WQ Alpha 051 - Decay Momentum",
    "WQ Alpha 055 - Turnover Reversal",
    "WQ Alpha 060 - Price Volume Rank",
    "WQ Alpha 071 - Composite Rank",
    "WQ Alpha 078 - Correlation Break",
    "WQ Alpha 083 - Range Momentum",
    "WQ Alpha 088 - Liquidity Adjusted Momentum",
    "WQ Alpha 092 - Delayed Reversal",
    "WQ Alpha 096 - Risk Controlled Momentum",
    "WQ Alpha 101 - Close To Open Reversal"
  ],
  "matrix": [
    [
      1.0,
      0.069,
      -0.232,
      -0.0,
      0.092,
      0.127,
      0.372,
      0.81,
      0.138,
      0.462,
      -0.017,
      0.957,
      -0.059,
      0.238,
      0.402,
      0.082,
      0.161,
      0.169,
      0.077,
      0.453
    ],
    [
      0.069,
      1.0,
      0.713,
      0.329,
      0.963,
      0.966,
      -0.165,
      -0.121,
      0.243,
      0.202,
      0.898,
      0.036,
      0.816,
      0.904,
      0.276,
      0.868,
      0.942,
      -0.182,
      0.937,
      0.408
    ],
    [
      -0.232,
      0.713,
      1.0,
      0.572,
      0.673,
      0.637,
      -0.088,
      -0.237,
      0.382,
      0.174,
      0.858,
      -0.238,
      0.874,
      0.537,
      0.279,
      0.789,
      0.637,
      -0.027,
      0.657,
      0.225
    ],
    [
      -0.0,
      0.329,
      0.572,
      1.0,
      0.267,
      0.277,
      0.292,
      -0.066,
      0.234,
      0.391,
      0.482,
      -0.003,
      0.516,
      0.152,
      0.217,
      0.468,
      0.232,
      0.186,
      0.209,
      -0.244
    ],
    [
      0.092,
      0.963,
      0.673,
      0.267,
      1.0,
      0.967,
      -0.205,
      -0.104,
      0.211,
      0.171,
      0.864,
      0.062,
      0.769,
      0.932,
      0.257,
      0.827,
      0.95,
      -0.233,
      0.932,
      0.403
    ],
    [
      0.127,
      0.966,
      0.637,
      0.277,
      0.967,
      1.0,
      -0.15,
      -0.089,
      0.188,
      0.138,
      0.851,
      0.091,
      0.768,
      0.947,
      0.27,
      0.823,
      0.951,
      -0.216,
      0.93,
      0.412
    ],
    [
      0.372,
      -0.165,
      -0.088,
      0.292,
      -0.205,
      -0.15,
      1.0,
      0.42,
      0.321,
      0.512,
      -0.078,
      0.382,
      -0.092,
      -0.149,
      0.349,
      -0.035,
      -0.102,
      0.669,
      -0.301,
      0.091
    ],
    [
      0.81,
      -0.121,
      -0.237,
      -0.066,
      -0.104,
      -0.089,
      0.42,
      1.0,
      0.247,
      0.544,
      -0.157,
      0.836,
      -0.189,
      0.004,
      0.484,
      -0.085,
      -0.041,
      0.463,
      -0.099,
      0.489
    ],
    [
      0.138,
      0.243,
      0.382,
      0.234,
      0.211,
      0.188,
      0.321,
      0.247,
      1.0,
      0.449,
      0.349,
      0.089,
      0.339,
      0.126,
      0.529,
      0.331,
      0.303,
      0.488,
      0.197,
      0.286
    ],
    [
      0.462,
      0.202,
      0.174,
      0.391,
      0.171,
      0.138,
      0.512,
      0.544,
      0.449,
      1.0,
      0.259,
      0.42,
      0.188,
      0.114,
      0.602,
      0.271,
      0.22,
      0.635,
      0.076,
      0.284
    ],
    [
      -0.017,
      0.898,
      0.858,
      0.482,
      0.864,
      0.851,
      -0.078,
      -0.157,
      0.349,
      0.259,
      1.0,
      -0.049,
      0.935,
      0.792,
      0.327,
      0.95,
      0.874,
      -0.128,
      0.843,
      0.357
    ],
    [
      0.957,
      0.036,
      -0.238,
      -0.003,
      0.062,
      0.091,
      0.382,
      0.836,
      0.089,
      0.42,
      -0.049,
      1.0,
      -0.1,
      0.21,
      0.389,
      0.056,
      0.118,
      0.171,
      0.042,
      0.472
    ],
    [
      -0.059,
      0.816,
      0.874,
      0.516,
      0.769,
      0.768,
      -0.092,
      -0.189,
      0.339,
      0.188,
      0.935,
      -0.1,
      1.0,
      0.697,
      0.227,
      0.859,
      0.786,
      -0.109,
      0.748,
      0.301
    ],
    [
      0.238,
      0.904,
      0.537,
      0.152,
      0.932,
      0.947,
      -0.149,
      0.004,
      0.126,
      0.114,
      0.792,
      0.21,
      0.697,
      1.0,
      0.265,
      0.783,
      0.942,
      -0.247,
      0.907,
      0.51
    ],
    [
      0.402,
      0.276,
      0.279,
      0.217,
      0.257,
      0.27,
      0.349,
      0.484,
      0.529,
      0.602,
      0.327,
      0.389,
      0.227,
      0.265,
      1.0,
      0.396,
      0.308,
      0.435,
      0.245,
      0.528
    ],
    [
      0.082,
      0.868,
      0.789,
      0.468,
      0.827,
      0.823,
      -0.035,
      -0.085,
      0.331,
      0.271,
      0.95,
      0.056,
      0.859,
      0.783,
      0.396,
      1.0,
      0.838,
      -0.119,
      0.824,
      0.415
    ],
    [
      0.161,
      0.942,
      0.637,
      0.232,
      0.95,
      0.951,
      -0.102,
      -0.041,
      0.303,
      0.22,
      0.874,
      0.118,
      0.786,
      0.942,
      0.308,
      0.838,
      1.0,
      -0.156,
      0.901,
      0.485
    ],
    [
      0.169,
      -0.182,
      -0.027,
      0.186,
      -0.233,
      -0.216,
      0.669,
      0.463,
      0.488,
      0.635,
      -0.128,
      0.171,
      -0.109,
      -0.247,
      0.435,
      -0.119,
      -0.156,
      1.0,
      -0.295,
      0.122
    ],
    [
      0.077,
      0.937,
      0.657,
      0.209,
      0.932,
      0.93,
      -0.301,
      -0.099,
      0.197,
      0.076,
      0.843,
      0.042,
      0.748,
      0.907,
      0.245,
      0.824,
      0.901,
      -0.295,
      1.0,
      0.404
    ],
    [
      0.453,
      0.408,
      0.225,
      -0.244,
      0.403,
      0.412,
      0.091,
      0.489,
      0.286,
      0.284,
      0.357,
      0.472,
      0.301,
      0.51,
      0.528,
      0.415,
      0.485,
      0.122,
      0.404,
      1.0
    ]
  ],
  "highCorrelationPairs": [
    {
      "leftId": "STR-05",
      "leftName": "WQ Alpha 021 - Trend Stability",
      "rightId": "STR-06",
      "rightName": "WQ Alpha 024 - Delayed Momentum",
      "correlation": 0.967,
      "status": "Breach"
    },
    {
      "leftId": "STR-02",
      "leftName": "WQ Alpha 004 - Rank Momentum",
      "rightId": "STR-06",
      "rightName": "WQ Alpha 024 - Delayed Momentum",
      "correlation": 0.966,
      "status": "Breach"
    },
    {
      "leftId": "STR-02",
      "leftName": "WQ Alpha 004 - Rank Momentum",
      "rightId": "STR-05",
      "rightName": "WQ Alpha 021 - Trend Stability",
      "correlation": 0.963,
      "status": "Breach"
    },
    {
      "leftId": "STR-01",
      "leftName": "WQ Alpha 001 - Short-Term Reversal",
      "rightId": "STR-12",
      "rightName": "WQ Alpha 055 - Turnover Reversal",
      "correlation": 0.957,
      "status": "Breach"
    },
    {
      "leftId": "STR-06",
      "leftName": "WQ Alpha 024 - Delayed Momentum",
      "rightId": "STR-17",
      "rightName": "WQ Alpha 088 - Liquidity Adjusted Momentum",
      "correlation": 0.951,
      "status": "Breach"
    },
    {
      "leftId": "STR-05",
      "leftName": "WQ Alpha 021 - Trend Stability",
      "rightId": "STR-17",
      "rightName": "WQ Alpha 088 - Liquidity Adjusted Momentum",
      "correlation": 0.95,
      "status": "Breach"
    },
    {
      "leftId": "STR-11",
      "leftName": "WQ Alpha 051 - Decay Momentum",
      "rightId": "STR-16",
      "rightName": "WQ Alpha 083 - Range Momentum",
      "correlation": 0.95,
      "status": "Breach"
    },
    {
      "leftId": "STR-06",
      "leftName": "WQ Alpha 024 - Delayed Momentum",
      "rightId": "STR-14",
      "rightName": "WQ Alpha 071 - Composite Rank",
      "correlation": 0.947,
      "status": "Breach"
    },
    {
      "leftId": "STR-02",
      "leftName": "WQ Alpha 004 - Rank Momentum",
      "rightId": "STR-17",
      "rightName": "WQ Alpha 088 - Liquidity Adjusted Momentum",
      "correlation": 0.942,
      "status": "Breach"
    },
    {
      "leftId": "STR-14",
      "leftName": "WQ Alpha 071 - Composite Rank",
      "rightId": "STR-17",
      "rightName": "WQ Alpha 088 - Liquidity Adjusted Momentum",
      "correlation": 0.942,
      "status": "Breach"
    }
  ]
}
