{
  "method": "Pearson correlation",
  "windowDays": 63,
  "actualWindowDays": 63,
  "timing": "Completed daily strategy returns only",
  "purpose": "Risk monitoring and diversification review; not signal generation",
  "asOf": "2026-06-15",
  "labels": [
    "STR-01",
    "STR-02",
    "STR-03",
    "STR-04",
    "STR-05",
    "STR-06",
    "STR-07",
    "STR-08",
    "STR-09",
    "STR-10",
    "STR-11",
    "STR-12",
    "STR-13",
    "STR-14",
    "STR-15",
    "STR-16",
    "STR-17",
    "STR-18",
    "STR-19",
    "STR-20"
  ],
  "names": [
    "WQ Alpha 001 - Short-Term Reversal",
    "WQ Alpha 004 - Rank Momentum",
    "WQ Alpha 006 - Volume Price Divergence",
    "WQ Alpha 012 - Open-Close Pressure",
    "WQ Alpha 021 - Trend Stability",
    "WQ Alpha 024 - Delayed Momentum",
    "WQ Alpha 028 - Correlation Reversal",
    "WQ Alpha 032 - VWAP Mean Reversion",
    "WQ Alpha 041 - High-Low Range",
    "WQ Alpha 043 - Volume Acceleration",
    "WQ Alpha 051 - Decay Momentum",
    "WQ Alpha 055 - Turnover Reversal",
    "WQ Alpha 060 - Price Volume Rank",
    "WQ Alpha 071 - Composite Rank",
    "WQ Alpha 078 - Correlation Break",
    "WQ Alpha 083 - Range Momentum",
    "WQ Alpha 088 - Liquidity Adjusted Momentum",
    "WQ Alpha 092 - Delayed Reversal",
    "WQ Alpha 096 - Risk Controlled Momentum",
    "WQ Alpha 101 - Close To Open Reversal"
  ],
  "matrix": [
    [
      1.0,
      0.303,
      -0.039,
      0.152,
      0.252,
      0.34,
      0.489,
      0.855,
      0.237,
      0.566,
      0.14,
      0.96,
      0.133,
      0.427,
      0.493,
      0.226,
      0.34,
      0.366,
      0.207,
      0.563
    ],
    [
      0.303,
      1.0,
      0.615,
      0.201,
      0.922,
      0.937,
      -0.005,
      0.178,
      0.32,
      0.389,
      0.856,
      0.257,
      0.76,
      0.862,
      0.465,
      0.85,
      0.915,
      -0.025,
      0.891,
      0.612
    ],
    [
      -0.039,
      0.615,
      1.0,
      0.565,
      0.558,
      0.506,
      0.077,
      -0.005,
      0.43,
      0.32,
      0.834,
      -0.061,
      0.853,
      0.434,
      0.442,
      0.781,
      0.524,
      0.105,
      0.549,
      0.348
    ],
    [
      0.152,
      0.201,
      0.565,
      1.0,
      0.118,
      0.118,
      0.412,
      0.15,
      0.291,
      0.524,
      0.421,
      0.156,
      0.469,
      0.039,
      0.399,
      0.408,
      0.091,
      0.344,
      0.039,
      -0.121
    ],
    [
      0.252,
      0.922,
      0.558,
      0.118,
      1.0,
      0.95,
      -0.118,
      0.098,
      0.225,
      0.264,
      0.806,
      0.208,
      0.693,
      0.905,
      0.372,
      0.781,
      0.929,
      -0.165,
      0.909,
      0.542
    ],
    [
      0.34,
      0.937,
      0.506,
      0.118,
      0.95,
      1.0,
      -0.027,
      0.182,
      0.219,
      0.282,
      0.785,
      0.287,
      0.688,
      0.934,
      0.434,
      0.778,
      0.937,
      -0.105,
      0.899,
      0.615
    ],
    [
      0.489,
      -0.005,
      0.077,
      0.412,
      -0.118,
      -0.027,
      1.0,
      0.555,
      0.476,
      0.587,
      0.057,
      0.475,
      0.069,
      0.011,
      0.478,
      0.105,
      0.022,
      0.825,
      -0.242,
      0.234
    ],
    [
      0.855,
      0.178,
      -0.005,
      0.15,
      0.098,
      0.182,
      0.555,
      1.0,
      0.309,
      0.596,
      0.085,
      0.873,
      0.074,
      0.267,
      0.549,
      0.162,
      0.197,
      0.551,
      0.1,
      0.552
    ],
    [
      0.237,
      0.32,
      0.43,
      0.291,
      0.225,
      0.219,
      0.476,
      0.309,
      1.0,
      0.519,
      0.417,
      0.183,
      0.426,
      0.203,
      0.582,
      0.421,
      0.341,
      0.559,
      0.209,
      0.309
    ],
    [
      0.566,
      0.389,
      0.32,
      0.524,
      0.264,
      0.282,
      0.587,
      0.596,
      0.519,
      1.0,
      0.444,
      0.551,
      0.373,
      0.274,
      0.658,
      0.469,
      0.372,
      0.65,
      0.172,
      0.348
    ],
    [
      0.14,
      0.856,
      0.834,
      0.421,
      0.806,
      0.785,
      0.057,
      0.085,
      0.417,
      0.444,
      1.0,
      0.101,
      0.905,
      0.725,
      0.522,
      0.947,
      0.824,
      0.061,
      0.772,
      0.485
    ],
    [
      0.96,
      0.257,
      -0.061,
      0.156,
      0.208,
      0.287,
      0.475,
      0.873,
      0.183,
      0.551,
      0.101,
      1.0,
      0.076,
      0.381,
      0.489,
      0.202,
      0.286,
      0.354,
      0.167,
      0.561
    ],
    [
      0.133,
      0.76,
      0.853,
      0.469,
      0.693,
      0.688,
      0.069,
      0.074,
      0.426,
      0.373,
      0.905,
      0.076,
      1.0,
      0.617,
      0.422,
      0.831,
      0.713,
      0.078,
      0.665,
      0.449
    ],
    [
      0.427,
      0.862,
      0.434,
      0.039,
      0.905,
      0.934,
      0.011,
      0.267,
      0.203,
      0.274,
      0.725,
      0.381,
      0.617,
      1.0,
      0.434,
      0.727,
      0.931,
      -0.069,
      0.864,
      0.676
    ],
    [
      0.493,
      0.465,
      0.442,
      0.399,
      0.372,
      0.434,
      0.478,
      0.549,
      0.582,
      0.658,
      0.522,
      0.489,
      0.422,
      0.434,
      1.0,
      0.587,
      0.475,
      0.526,
      0.362,
      0.603
    ],
    [
      0.226,
      0.85,
      0.781,
      0.408,
      0.781,
      0.778,
      0.105,
      0.162,
      0.421,
      0.469,
      0.947,
      0.202,
      0.831,
      0.727,
      0.587,
      1.0,
      0.797,
      0.106,
      0.758,
      0.543
    ],
    [
      0.34,
      0.915,
      0.524,
      0.091,
      0.929,
      0.937,
      0.022,
      0.197,
      0.341,
      0.372,
      0.824,
      0.286,
      0.713,
      0.931,
      0.475,
      0.797,
      1.0,
      -0.019,
      0.856,
      0.646
    ],
    [
      0.366,
      -0.025,
      0.105,
      0.344,
      -0.165,
      -0.105,
      0.825,
      0.551,
      0.559,
      0.65,
      0.061,
      0.354,
      0.078,
      -0.069,
      0.526,
      0.106,
      -0.019,
      1.0,
      -0.218,
      0.206
    ],
    [
      0.207,
      0.891,
      0.549,
      0.039,
      0.909,
      0.899,
      -0.242,
      0.1,
      0.209,
      0.172,
      0.772,
      0.167,
      0.665,
      0.864,
      0.362,
      0.758,
      0.856,
      -0.218,
      1.0,
      0.552
    ],
    [
      0.563,
      0.612,
      0.348,
      -0.121,
      0.542,
      0.615,
      0.234,
      0.552,
      0.309,
      0.348,
      0.485,
      0.561,
      0.449,
      0.676,
      0.603,
      0.543,
      0.646,
      0.206,
      0.552,
      1.0
    ]
  ],
  "highCorrelationPairs": [
    {
      "leftId": "STR-01",
      "leftName": "WQ Alpha 001 - Short-Term Reversal",
      "rightId": "STR-12",
      "rightName": "WQ Alpha 055 - Turnover Reversal",
      "correlation": 0.96,
      "status": "Breach"
    },
    {
      "leftId": "STR-05",
      "leftName": "WQ Alpha 021 - Trend Stability",
      "rightId": "STR-06",
      "rightName": "WQ Alpha 024 - Delayed Momentum",
      "correlation": 0.95,
      "status": "Breach"
    },
    {
      "leftId": "STR-11",
      "leftName": "WQ Alpha 051 - Decay Momentum",
      "rightId": "STR-16",
      "rightName": "WQ Alpha 083 - Range Momentum",
      "correlation": 0.947,
      "status": "Breach"
    },
    {
      "leftId": "STR-02",
      "leftName": "WQ Alpha 004 - Rank Momentum",
      "rightId": "STR-06",
      "rightName": "WQ Alpha 024 - Delayed Momentum",
      "correlation": 0.937,
      "status": "Breach"
    },
    {
      "leftId": "STR-06",
      "leftName": "WQ Alpha 024 - Delayed Momentum",
      "rightId": "STR-17",
      "rightName": "WQ Alpha 088 - Liquidity Adjusted Momentum",
      "correlation": 0.937,
      "status": "Breach"
    },
    {
      "leftId": "STR-06",
      "leftName": "WQ Alpha 024 - Delayed Momentum",
      "rightId": "STR-14",
      "rightName": "WQ Alpha 071 - Composite Rank",
      "correlation": 0.934,
      "status": "Breach"
    },
    {
      "leftId": "STR-14",
      "leftName": "WQ Alpha 071 - Composite Rank",
      "rightId": "STR-17",
      "rightName": "WQ Alpha 088 - Liquidity Adjusted Momentum",
      "correlation": 0.931,
      "status": "Breach"
    },
    {
      "leftId": "STR-05",
      "leftName": "WQ Alpha 021 - Trend Stability",
      "rightId": "STR-17",
      "rightName": "WQ Alpha 088 - Liquidity Adjusted Momentum",
      "correlation": 0.929,
      "status": "Breach"
    },
    {
      "leftId": "STR-02",
      "leftName": "WQ Alpha 004 - Rank Momentum",
      "rightId": "STR-05",
      "rightName": "WQ Alpha 021 - Trend Stability",
      "correlation": 0.922,
      "status": "Breach"
    },
    {
      "leftId": "STR-02",
      "leftName": "WQ Alpha 004 - Rank Momentum",
      "rightId": "STR-17",
      "rightName": "WQ Alpha 088 - Liquidity Adjusted Momentum",
      "correlation": 0.915,
      "status": "Breach"
    }
  ]
}
