{
  "method": "Pearson correlation",
  "windowDays": 63,
  "actualWindowDays": 63,
  "timing": "Completed daily strategy returns only",
  "purpose": "Risk monitoring and diversification review; not signal generation",
  "asOf": "2026-06-29",
  "labels": [
    "STR-01",
    "STR-02",
    "STR-03",
    "STR-04",
    "STR-05",
    "STR-06",
    "STR-07",
    "STR-08",
    "STR-09",
    "STR-10",
    "STR-11",
    "STR-12",
    "STR-13",
    "STR-14",
    "STR-15",
    "STR-16",
    "STR-17",
    "STR-18",
    "STR-19",
    "STR-20"
  ],
  "names": [
    "WQ Alpha 001 - Short-Term Reversal",
    "WQ Alpha 004 - Rank Momentum",
    "WQ Alpha 006 - Volume Price Divergence",
    "WQ Alpha 012 - Open-Close Pressure",
    "WQ Alpha 021 - Trend Stability",
    "WQ Alpha 024 - Delayed Momentum",
    "WQ Alpha 028 - Correlation Reversal",
    "WQ Alpha 032 - VWAP Mean Reversion",
    "WQ Alpha 041 - High-Low Range",
    "WQ Alpha 043 - Volume Acceleration",
    "WQ Alpha 051 - Decay Momentum",
    "WQ Alpha 055 - Turnover Reversal",
    "WQ Alpha 060 - Price Volume Rank",
    "WQ Alpha 071 - Composite Rank",
    "WQ Alpha 078 - Correlation Break",
    "WQ Alpha 083 - Range Momentum",
    "WQ Alpha 088 - Liquidity Adjusted Momentum",
    "WQ Alpha 092 - Delayed Reversal",
    "WQ Alpha 096 - Risk Controlled Momentum",
    "WQ Alpha 101 - Close To Open Reversal"
  ],
  "matrix": [
    [
      1.0,
      0.07,
      -0.294,
      0.008,
      0.044,
      0.113,
      0.475,
      0.854,
      0.209,
      0.529,
      -0.071,
      0.964,
      -0.074,
      0.228,
      0.467,
      0.041,
      0.137,
      0.261,
      0.049,
      0.535
    ],
    [
      0.07,
      1.0,
      0.649,
      0.291,
      0.95,
      0.959,
      -0.13,
      -0.042,
      0.318,
      0.255,
      0.882,
      0.047,
      0.803,
      0.887,
      0.314,
      0.858,
      0.935,
      -0.048,
      0.891,
      0.401
    ],
    [
      -0.294,
      0.649,
      1.0,
      0.507,
      0.636,
      0.592,
      -0.128,
      -0.253,
      0.3,
      0.205,
      0.73,
      -0.308,
      0.742,
      0.448,
      0.236,
      0.645,
      0.545,
      0.115,
      0.594,
      0.118
    ],
    [
      0.008,
      0.291,
      0.507,
      1.0,
      0.231,
      0.243,
      0.295,
      -0.019,
      0.263,
      0.421,
      0.45,
      0.011,
      0.495,
      0.113,
      0.239,
      0.43,
      0.182,
      0.254,
      0.164,
      -0.2
    ],
    [
      0.044,
      0.95,
      0.636,
      0.231,
      1.0,
      0.96,
      -0.212,
      -0.082,
      0.257,
      0.169,
      0.855,
      0.028,
      0.755,
      0.919,
      0.271,
      0.814,
      0.947,
      -0.141,
      0.904,
      0.368
    ],
    [
      0.113,
      0.959,
      0.592,
      0.243,
      0.96,
      1.0,
      -0.122,
      -0.033,
      0.247,
      0.169,
      0.836,
      0.09,
      0.755,
      0.942,
      0.304,
      0.806,
      0.948,
      -0.106,
      0.898,
      0.405
    ],
    [
      0.475,
      -0.13,
      -0.128,
      0.295,
      -0.212,
      -0.122,
      1.0,
      0.51,
      0.367,
      0.561,
      -0.105,
      0.476,
      -0.084,
      -0.11,
      0.402,
      -0.041,
      -0.092,
      0.71,
      -0.307,
      0.197
    ],
    [
      0.854,
      -0.042,
      -0.253,
      -0.019,
      -0.082,
      -0.033,
      0.51,
      1.0,
      0.297,
      0.582,
      -0.136,
      0.869,
      -0.138,
      0.063,
      0.521,
      -0.033,
      0.007,
      0.492,
      -0.071,
      0.534
    ],
    [
      0.209,
      0.318,
      0.3,
      0.263,
      0.257,
      0.247,
      0.367,
      0.297,
      1.0,
      0.483,
      0.401,
      0.159,
      0.404,
      0.184,
      0.537,
      0.408,
      0.355,
      0.513,
      0.224,
      0.31
    ],
    [
      0.529,
      0.255,
      0.205,
      0.421,
      0.169,
      0.169,
      0.561,
      0.582,
      0.483,
      1.0,
      0.257,
      0.485,
      0.207,
      0.139,
      0.618,
      0.298,
      0.242,
      0.666,
      0.096,
      0.322
    ],
    [
      -0.071,
      0.882,
      0.73,
      0.45,
      0.855,
      0.836,
      -0.105,
      -0.136,
      0.401,
      0.257,
      1.0,
      -0.089,
      0.929,
      0.764,
      0.334,
      0.944,
      0.859,
      -0.019,
      0.796,
      0.316
    ],
    [
      0.964,
      0.047,
      -0.308,
      0.011,
      0.028,
      0.09,
      0.476,
      0.869,
      0.159,
      0.485,
      -0.089,
      1.0,
      -0.104,
      0.212,
      0.449,
      0.031,
      0.107,
      0.251,
      0.026,
      0.541
    ],
    [
      -0.074,
      0.803,
      0.742,
      0.495,
      0.755,
      0.755,
      -0.084,
      -0.138,
      0.404,
      0.207,
      0.929,
      -0.104,
      1.0,
      0.677,
      0.25,
      0.854,
      0.771,
      0.01,
      0.691,
      0.276
    ],
    [
      0.228,
      0.887,
      0.448,
      0.113,
      0.919,
      0.942,
      -0.11,
      0.063,
      0.184,
      0.139,
      0.764,
      0.212,
      0.677,
      1.0,
      0.307,
      0.756,
      0.937,
      -0.134,
      0.867,
      0.506
    ],
    [
      0.467,
      0.314,
      0.236,
      0.239,
      0.271,
      0.304,
      0.402,
      0.521,
      0.537,
      0.618,
      0.334,
      0.449,
      0.25,
      0.307,
      1.0,
      0.423,
      0.343,
      0.449,
      0.267,
      0.557
    ],
    [
      0.041,
      0.858,
      0.645,
      0.43,
      0.814,
      0.806,
      -0.041,
      -0.033,
      0.408,
      0.298,
      0.944,
      0.031,
      0.854,
      0.756,
      0.423,
      1.0,
      0.824,
      0.023,
      0.764,
      0.397
    ],
    [
      0.137,
      0.935,
      0.545,
      0.182,
      0.947,
      0.948,
      -0.092,
      0.007,
      0.355,
      0.242,
      0.859,
      0.107,
      0.771,
      0.937,
      0.343,
      0.824,
      1.0,
      -0.044,
      0.857,
      0.469
    ],
    [
      0.261,
      -0.048,
      0.115,
      0.254,
      -0.141,
      -0.106,
      0.71,
      0.492,
      0.513,
      0.666,
      -0.019,
      0.251,
      0.01,
      -0.134,
      0.449,
      0.023,
      -0.044,
      1.0,
      -0.233,
      0.15
    ],
    [
      0.049,
      0.891,
      0.594,
      0.164,
      0.904,
      0.898,
      -0.307,
      -0.071,
      0.224,
      0.096,
      0.796,
      0.026,
      0.691,
      0.867,
      0.267,
      0.764,
      0.857,
      -0.233,
      1.0,
      0.427
    ],
    [
      0.535,
      0.401,
      0.118,
      -0.2,
      0.368,
      0.405,
      0.197,
      0.534,
      0.31,
      0.322,
      0.316,
      0.541,
      0.276,
      0.506,
      0.557,
      0.397,
      0.469,
      0.15,
      0.427,
      1.0
    ]
  ],
  "highCorrelationPairs": [
    {
      "leftId": "STR-01",
      "leftName": "WQ Alpha 001 - Short-Term Reversal",
      "rightId": "STR-12",
      "rightName": "WQ Alpha 055 - Turnover Reversal",
      "correlation": 0.964,
      "status": "Breach"
    },
    {
      "leftId": "STR-05",
      "leftName": "WQ Alpha 021 - Trend Stability",
      "rightId": "STR-06",
      "rightName": "WQ Alpha 024 - Delayed Momentum",
      "correlation": 0.96,
      "status": "Breach"
    },
    {
      "leftId": "STR-02",
      "leftName": "WQ Alpha 004 - Rank Momentum",
      "rightId": "STR-06",
      "rightName": "WQ Alpha 024 - Delayed Momentum",
      "correlation": 0.959,
      "status": "Breach"
    },
    {
      "leftId": "STR-02",
      "leftName": "WQ Alpha 004 - Rank Momentum",
      "rightId": "STR-05",
      "rightName": "WQ Alpha 021 - Trend Stability",
      "correlation": 0.95,
      "status": "Breach"
    },
    {
      "leftId": "STR-06",
      "leftName": "WQ Alpha 024 - Delayed Momentum",
      "rightId": "STR-17",
      "rightName": "WQ Alpha 088 - Liquidity Adjusted Momentum",
      "correlation": 0.948,
      "status": "Breach"
    },
    {
      "leftId": "STR-05",
      "leftName": "WQ Alpha 021 - Trend Stability",
      "rightId": "STR-17",
      "rightName": "WQ Alpha 088 - Liquidity Adjusted Momentum",
      "correlation": 0.947,
      "status": "Breach"
    },
    {
      "leftId": "STR-11",
      "leftName": "WQ Alpha 051 - Decay Momentum",
      "rightId": "STR-16",
      "rightName": "WQ Alpha 083 - Range Momentum",
      "correlation": 0.944,
      "status": "Breach"
    },
    {
      "leftId": "STR-06",
      "leftName": "WQ Alpha 024 - Delayed Momentum",
      "rightId": "STR-14",
      "rightName": "WQ Alpha 071 - Composite Rank",
      "correlation": 0.942,
      "status": "Breach"
    },
    {
      "leftId": "STR-14",
      "leftName": "WQ Alpha 071 - Composite Rank",
      "rightId": "STR-17",
      "rightName": "WQ Alpha 088 - Liquidity Adjusted Momentum",
      "correlation": 0.937,
      "status": "Breach"
    },
    {
      "leftId": "STR-02",
      "leftName": "WQ Alpha 004 - Rank Momentum",
      "rightId": "STR-17",
      "rightName": "WQ Alpha 088 - Liquidity Adjusted Momentum",
      "correlation": 0.935,
      "status": "Breach"
    }
  ]
}
