{
  "method": "Pearson correlation",
  "windowDays": 63,
  "actualWindowDays": 63,
  "timing": "Completed daily strategy returns only",
  "purpose": "Risk monitoring and diversification review; not signal generation",
  "asOf": "2026-06-23",
  "labels": [
    "STR-01",
    "STR-02",
    "STR-03",
    "STR-04",
    "STR-05",
    "STR-06",
    "STR-07",
    "STR-08",
    "STR-09",
    "STR-10",
    "STR-11",
    "STR-12",
    "STR-13",
    "STR-14",
    "STR-15",
    "STR-16",
    "STR-17",
    "STR-18",
    "STR-19",
    "STR-20"
  ],
  "names": [
    "WQ Alpha 001 - Short-Term Reversal",
    "WQ Alpha 004 - Rank Momentum",
    "WQ Alpha 006 - Volume Price Divergence",
    "WQ Alpha 012 - Open-Close Pressure",
    "WQ Alpha 021 - Trend Stability",
    "WQ Alpha 024 - Delayed Momentum",
    "WQ Alpha 028 - Correlation Reversal",
    "WQ Alpha 032 - VWAP Mean Reversion",
    "WQ Alpha 041 - High-Low Range",
    "WQ Alpha 043 - Volume Acceleration",
    "WQ Alpha 051 - Decay Momentum",
    "WQ Alpha 055 - Turnover Reversal",
    "WQ Alpha 060 - Price Volume Rank",
    "WQ Alpha 071 - Composite Rank",
    "WQ Alpha 078 - Correlation Break",
    "WQ Alpha 083 - Range Momentum",
    "WQ Alpha 088 - Liquidity Adjusted Momentum",
    "WQ Alpha 092 - Delayed Reversal",
    "WQ Alpha 096 - Risk Controlled Momentum",
    "WQ Alpha 101 - Close To Open Reversal"
  ],
  "matrix": [
    [
      1.0,
      0.173,
      -0.15,
      0.081,
      0.124,
      0.211,
      0.485,
      0.859,
      0.2,
      0.522,
      0.037,
      0.963,
      0.039,
      0.329,
      0.474,
      0.139,
      0.221,
      0.271,
      0.101,
      0.524
    ],
    [
      0.173,
      1.0,
      0.688,
      0.292,
      0.939,
      0.949,
      -0.052,
      0.096,
      0.39,
      0.37,
      0.873,
      0.137,
      0.788,
      0.87,
      0.411,
      0.852,
      0.928,
      0.043,
      0.908,
      0.542
    ],
    [
      -0.15,
      0.688,
      1.0,
      0.603,
      0.637,
      0.596,
      -0.001,
      -0.105,
      0.466,
      0.282,
      0.855,
      -0.16,
      0.869,
      0.487,
      0.361,
      0.791,
      0.6,
      0.135,
      0.627,
      0.304
    ],
    [
      0.081,
      0.292,
      0.603,
      1.0,
      0.217,
      0.22,
      0.359,
      0.094,
      0.339,
      0.512,
      0.472,
      0.085,
      0.52,
      0.1,
      0.354,
      0.443,
      0.184,
      0.361,
      0.134,
      -0.124
    ],
    [
      0.124,
      0.939,
      0.637,
      0.217,
      1.0,
      0.959,
      -0.168,
      0.019,
      0.29,
      0.249,
      0.826,
      0.091,
      0.724,
      0.906,
      0.326,
      0.788,
      0.938,
      -0.087,
      0.925,
      0.478
    ],
    [
      0.211,
      0.949,
      0.596,
      0.22,
      0.959,
      1.0,
      -0.076,
      0.101,
      0.304,
      0.27,
      0.81,
      0.169,
      0.725,
      0.932,
      0.387,
      0.788,
      0.945,
      -0.03,
      0.916,
      0.544
    ],
    [
      0.485,
      -0.052,
      -0.001,
      0.359,
      -0.168,
      -0.076,
      1.0,
      0.532,
      0.398,
      0.587,
      -0.007,
      0.486,
      0.013,
      -0.047,
      0.455,
      0.05,
      -0.036,
      0.747,
      -0.267,
      0.22
    ],
    [
      0.859,
      0.096,
      -0.105,
      0.094,
      0.019,
      0.101,
      0.532,
      1.0,
      0.27,
      0.568,
      -0.004,
      0.88,
      0.003,
      0.192,
      0.515,
      0.08,
      0.115,
      0.48,
      0.025,
      0.52
    ],
    [
      0.2,
      0.39,
      0.466,
      0.339,
      0.29,
      0.304,
      0.398,
      0.27,
      1.0,
      0.475,
      0.465,
      0.154,
      0.47,
      0.242,
      0.525,
      0.46,
      0.407,
      0.493,
      0.29,
      0.297
    ],
    [
      0.522,
      0.37,
      0.282,
      0.512,
      0.249,
      0.27,
      0.587,
      0.568,
      0.475,
      1.0,
      0.392,
      0.492,
      0.339,
      0.25,
      0.651,
      0.414,
      0.339,
      0.68,
      0.15,
      0.31
    ],
    [
      0.037,
      0.873,
      0.855,
      0.472,
      0.826,
      0.81,
      -0.007,
      -0.004,
      0.465,
      0.392,
      1.0,
      0.014,
      0.918,
      0.743,
      0.446,
      0.948,
      0.846,
      0.072,
      0.803,
      0.451
    ],
    [
      0.963,
      0.137,
      -0.16,
      0.085,
      0.091,
      0.169,
      0.486,
      0.88,
      0.154,
      0.492,
      0.014,
      1.0,
      -0.004,
      0.3,
      0.467,
      0.129,
      0.182,
      0.267,
      0.064,
      0.539
    ],
    [
      0.039,
      0.788,
      0.869,
      0.52,
      0.724,
      0.725,
      0.013,
      0.003,
      0.47,
      0.339,
      0.918,
      -0.004,
      1.0,
      0.644,
      0.352,
      0.843,
      0.751,
      0.111,
      0.705,
      0.422
    ],
    [
      0.329,
      0.87,
      0.487,
      0.1,
      0.906,
      0.932,
      -0.047,
      0.192,
      0.242,
      0.25,
      0.743,
      0.3,
      0.644,
      1.0,
      0.393,
      0.742,
      0.93,
      -0.066,
      0.88,
      0.639
    ],
    [
      0.474,
      0.411,
      0.361,
      0.354,
      0.326,
      0.387,
      0.455,
      0.515,
      0.525,
      0.651,
      0.446,
      0.467,
      0.352,
      0.393,
      1.0,
      0.526,
      0.412,
      0.468,
      0.329,
      0.559
    ],
    [
      0.139,
      0.852,
      0.791,
      0.443,
      0.788,
      0.788,
      0.05,
      0.08,
      0.46,
      0.414,
      0.948,
      0.129,
      0.843,
      0.742,
      0.526,
      1.0,
      0.81,
      0.086,
      0.778,
      0.52
    ],
    [
      0.221,
      0.928,
      0.6,
      0.184,
      0.938,
      0.945,
      -0.036,
      0.115,
      0.407,
      0.339,
      0.846,
      0.182,
      0.751,
      0.93,
      0.412,
      0.81,
      1.0,
      0.017,
      0.877,
      0.59
    ],
    [
      0.271,
      0.043,
      0.135,
      0.361,
      -0.087,
      -0.03,
      0.747,
      0.48,
      0.493,
      0.68,
      0.072,
      0.267,
      0.111,
      -0.066,
      0.468,
      0.086,
      0.017,
      1.0,
      -0.145,
      0.167
    ],
    [
      0.101,
      0.908,
      0.627,
      0.134,
      0.925,
      0.916,
      -0.267,
      0.025,
      0.29,
      0.15,
      0.803,
      0.064,
      0.705,
      0.88,
      0.329,
      0.778,
      0.877,
      -0.145,
      1.0,
      0.5
    ],
    [
      0.524,
      0.542,
      0.304,
      -0.124,
      0.478,
      0.544,
      0.22,
      0.52,
      0.297,
      0.31,
      0.451,
      0.539,
      0.422,
      0.639,
      0.559,
      0.52,
      0.59,
      0.167,
      0.5,
      1.0
    ]
  ],
  "highCorrelationPairs": [
    {
      "leftId": "STR-01",
      "leftName": "WQ Alpha 001 - Short-Term Reversal",
      "rightId": "STR-12",
      "rightName": "WQ Alpha 055 - Turnover Reversal",
      "correlation": 0.963,
      "status": "Breach"
    },
    {
      "leftId": "STR-05",
      "leftName": "WQ Alpha 021 - Trend Stability",
      "rightId": "STR-06",
      "rightName": "WQ Alpha 024 - Delayed Momentum",
      "correlation": 0.959,
      "status": "Breach"
    },
    {
      "leftId": "STR-02",
      "leftName": "WQ Alpha 004 - Rank Momentum",
      "rightId": "STR-06",
      "rightName": "WQ Alpha 024 - Delayed Momentum",
      "correlation": 0.949,
      "status": "Breach"
    },
    {
      "leftId": "STR-11",
      "leftName": "WQ Alpha 051 - Decay Momentum",
      "rightId": "STR-16",
      "rightName": "WQ Alpha 083 - Range Momentum",
      "correlation": 0.948,
      "status": "Breach"
    },
    {
      "leftId": "STR-06",
      "leftName": "WQ Alpha 024 - Delayed Momentum",
      "rightId": "STR-17",
      "rightName": "WQ Alpha 088 - Liquidity Adjusted Momentum",
      "correlation": 0.945,
      "status": "Breach"
    },
    {
      "leftId": "STR-02",
      "leftName": "WQ Alpha 004 - Rank Momentum",
      "rightId": "STR-05",
      "rightName": "WQ Alpha 021 - Trend Stability",
      "correlation": 0.939,
      "status": "Breach"
    },
    {
      "leftId": "STR-05",
      "leftName": "WQ Alpha 021 - Trend Stability",
      "rightId": "STR-17",
      "rightName": "WQ Alpha 088 - Liquidity Adjusted Momentum",
      "correlation": 0.938,
      "status": "Breach"
    },
    {
      "leftId": "STR-06",
      "leftName": "WQ Alpha 024 - Delayed Momentum",
      "rightId": "STR-14",
      "rightName": "WQ Alpha 071 - Composite Rank",
      "correlation": 0.932,
      "status": "Breach"
    },
    {
      "leftId": "STR-14",
      "leftName": "WQ Alpha 071 - Composite Rank",
      "rightId": "STR-17",
      "rightName": "WQ Alpha 088 - Liquidity Adjusted Momentum",
      "correlation": 0.93,
      "status": "Breach"
    },
    {
      "leftId": "STR-02",
      "leftName": "WQ Alpha 004 - Rank Momentum",
      "rightId": "STR-17",
      "rightName": "WQ Alpha 088 - Liquidity Adjusted Momentum",
      "correlation": 0.928,
      "status": "Breach"
    }
  ]
}
