{
  "method": "Pearson correlation",
  "windowDays": 63,
  "actualWindowDays": 63,
  "timing": "Completed daily strategy returns only",
  "purpose": "Risk monitoring and diversification review; not signal generation",
  "asOf": "2026-06-16",
  "labels": [
    "STR-01",
    "STR-02",
    "STR-03",
    "STR-04",
    "STR-05",
    "STR-06",
    "STR-07",
    "STR-08",
    "STR-09",
    "STR-10",
    "STR-11",
    "STR-12",
    "STR-13",
    "STR-14",
    "STR-15",
    "STR-16",
    "STR-17",
    "STR-18",
    "STR-19",
    "STR-20"
  ],
  "names": [
    "WQ Alpha 001 - Short-Term Reversal",
    "WQ Alpha 004 - Rank Momentum",
    "WQ Alpha 006 - Volume Price Divergence",
    "WQ Alpha 012 - Open-Close Pressure",
    "WQ Alpha 021 - Trend Stability",
    "WQ Alpha 024 - Delayed Momentum",
    "WQ Alpha 028 - Correlation Reversal",
    "WQ Alpha 032 - VWAP Mean Reversion",
    "WQ Alpha 041 - High-Low Range",
    "WQ Alpha 043 - Volume Acceleration",
    "WQ Alpha 051 - Decay Momentum",
    "WQ Alpha 055 - Turnover Reversal",
    "WQ Alpha 060 - Price Volume Rank",
    "WQ Alpha 071 - Composite Rank",
    "WQ Alpha 078 - Correlation Break",
    "WQ Alpha 083 - Range Momentum",
    "WQ Alpha 088 - Liquidity Adjusted Momentum",
    "WQ Alpha 092 - Delayed Reversal",
    "WQ Alpha 096 - Risk Controlled Momentum",
    "WQ Alpha 101 - Close To Open Reversal"
  ],
  "matrix": [
    [
      1.0,
      0.279,
      -0.034,
      0.177,
      0.212,
      0.313,
      0.478,
      0.851,
      0.234,
      0.576,
      0.136,
      0.958,
      0.142,
      0.406,
      0.46,
      0.215,
      0.291,
      0.375,
      0.179,
      0.548
    ],
    [
      0.279,
      1.0,
      0.633,
      0.225,
      0.942,
      0.942,
      -0.003,
      0.194,
      0.302,
      0.405,
      0.88,
      0.258,
      0.78,
      0.878,
      0.476,
      0.869,
      0.937,
      -0.031,
      0.911,
      0.606
    ],
    [
      -0.034,
      0.633,
      1.0,
      0.574,
      0.6,
      0.543,
      0.142,
      0.018,
      0.45,
      0.366,
      0.831,
      -0.056,
      0.847,
      0.464,
      0.484,
      0.792,
      0.571,
      0.164,
      0.556,
      0.375
    ],
    [
      0.177,
      0.225,
      0.574,
      1.0,
      0.189,
      0.18,
      0.412,
      0.17,
      0.307,
      0.526,
      0.411,
      0.167,
      0.454,
      0.089,
      0.389,
      0.399,
      0.154,
      0.309,
      0.076,
      -0.099
    ],
    [
      0.212,
      0.942,
      0.6,
      0.189,
      1.0,
      0.953,
      -0.093,
      0.098,
      0.235,
      0.299,
      0.854,
      0.177,
      0.737,
      0.912,
      0.4,
      0.82,
      0.946,
      -0.128,
      0.919,
      0.531
    ],
    [
      0.313,
      0.942,
      0.543,
      0.18,
      0.953,
      1.0,
      -0.028,
      0.205,
      0.196,
      0.298,
      0.816,
      0.289,
      0.717,
      0.931,
      0.45,
      0.808,
      0.937,
      -0.089,
      0.914,
      0.609
    ],
    [
      0.478,
      -0.003,
      0.142,
      0.412,
      -0.093,
      -0.028,
      1.0,
      0.529,
      0.451,
      0.6,
      0.07,
      0.472,
      0.066,
      0.008,
      0.485,
      0.118,
      0.027,
      0.781,
      -0.234,
      0.257
    ],
    [
      0.851,
      0.194,
      0.018,
      0.17,
      0.098,
      0.205,
      0.529,
      1.0,
      0.319,
      0.613,
      0.105,
      0.864,
      0.094,
      0.282,
      0.536,
      0.177,
      0.188,
      0.571,
      0.107,
      0.554
    ],
    [
      0.234,
      0.302,
      0.45,
      0.307,
      0.235,
      0.196,
      0.451,
      0.319,
      1.0,
      0.536,
      0.43,
      0.183,
      0.425,
      0.206,
      0.562,
      0.432,
      0.343,
      0.588,
      0.187,
      0.303
    ],
    [
      0.576,
      0.405,
      0.366,
      0.526,
      0.299,
      0.298,
      0.6,
      0.613,
      0.536,
      1.0,
      0.461,
      0.564,
      0.38,
      0.297,
      0.685,
      0.474,
      0.371,
      0.632,
      0.193,
      0.4
    ],
    [
      0.136,
      0.88,
      0.831,
      0.411,
      0.854,
      0.816,
      0.07,
      0.105,
      0.43,
      0.461,
      1.0,
      0.115,
      0.903,
      0.757,
      0.544,
      0.954,
      0.86,
      0.059,
      0.798,
      0.514
    ],
    [
      0.958,
      0.258,
      -0.056,
      0.167,
      0.177,
      0.289,
      0.472,
      0.864,
      0.183,
      0.564,
      0.115,
      1.0,
      0.089,
      0.387,
      0.481,
      0.207,
      0.264,
      0.358,
      0.164,
      0.56
    ],
    [
      0.142,
      0.78,
      0.847,
      0.454,
      0.737,
      0.717,
      0.066,
      0.094,
      0.425,
      0.38,
      0.903,
      0.089,
      1.0,
      0.651,
      0.462,
      0.841,
      0.74,
      0.071,
      0.694,
      0.487
    ],
    [
      0.406,
      0.878,
      0.464,
      0.089,
      0.912,
      0.931,
      0.008,
      0.282,
      0.206,
      0.297,
      0.757,
      0.387,
      0.651,
      1.0,
      0.44,
      0.751,
      0.939,
      -0.049,
      0.872,
      0.667
    ],
    [
      0.46,
      0.476,
      0.484,
      0.389,
      0.4,
      0.45,
      0.485,
      0.536,
      0.562,
      0.685,
      0.544,
      0.481,
      0.462,
      0.44,
      1.0,
      0.611,
      0.487,
      0.516,
      0.373,
      0.641
    ],
    [
      0.215,
      0.869,
      0.792,
      0.399,
      0.82,
      0.808,
      0.118,
      0.177,
      0.432,
      0.474,
      0.954,
      0.207,
      0.841,
      0.751,
      0.611,
      1.0,
      0.825,
      0.094,
      0.779,
      0.575
    ],
    [
      0.291,
      0.937,
      0.571,
      0.154,
      0.946,
      0.937,
      0.027,
      0.188,
      0.343,
      0.371,
      0.86,
      0.264,
      0.74,
      0.939,
      0.487,
      0.825,
      1.0,
      -0.002,
      0.876,
      0.622
    ],
    [
      0.375,
      -0.031,
      0.164,
      0.309,
      -0.128,
      -0.089,
      0.781,
      0.571,
      0.588,
      0.632,
      0.059,
      0.358,
      0.071,
      -0.049,
      0.516,
      0.094,
      -0.002,
      1.0,
      -0.208,
      0.233
    ],
    [
      0.179,
      0.911,
      0.556,
      0.076,
      0.919,
      0.914,
      -0.234,
      0.107,
      0.187,
      0.193,
      0.798,
      0.164,
      0.694,
      0.872,
      0.373,
      0.779,
      0.876,
      -0.208,
      1.0,
      0.556
    ],
    [
      0.548,
      0.606,
      0.375,
      -0.099,
      0.531,
      0.609,
      0.257,
      0.554,
      0.303,
      0.4,
      0.514,
      0.56,
      0.487,
      0.667,
      0.641,
      0.575,
      0.622,
      0.233,
      0.556,
      1.0
    ]
  ],
  "highCorrelationPairs": [
    {
      "leftId": "STR-01",
      "leftName": "WQ Alpha 001 - Short-Term Reversal",
      "rightId": "STR-12",
      "rightName": "WQ Alpha 055 - Turnover Reversal",
      "correlation": 0.958,
      "status": "Breach"
    },
    {
      "leftId": "STR-11",
      "leftName": "WQ Alpha 051 - Decay Momentum",
      "rightId": "STR-16",
      "rightName": "WQ Alpha 083 - Range Momentum",
      "correlation": 0.954,
      "status": "Breach"
    },
    {
      "leftId": "STR-05",
      "leftName": "WQ Alpha 021 - Trend Stability",
      "rightId": "STR-06",
      "rightName": "WQ Alpha 024 - Delayed Momentum",
      "correlation": 0.953,
      "status": "Breach"
    },
    {
      "leftId": "STR-05",
      "leftName": "WQ Alpha 021 - Trend Stability",
      "rightId": "STR-17",
      "rightName": "WQ Alpha 088 - Liquidity Adjusted Momentum",
      "correlation": 0.946,
      "status": "Breach"
    },
    {
      "leftId": "STR-02",
      "leftName": "WQ Alpha 004 - Rank Momentum",
      "rightId": "STR-05",
      "rightName": "WQ Alpha 021 - Trend Stability",
      "correlation": 0.942,
      "status": "Breach"
    },
    {
      "leftId": "STR-02",
      "leftName": "WQ Alpha 004 - Rank Momentum",
      "rightId": "STR-06",
      "rightName": "WQ Alpha 024 - Delayed Momentum",
      "correlation": 0.942,
      "status": "Breach"
    },
    {
      "leftId": "STR-14",
      "leftName": "WQ Alpha 071 - Composite Rank",
      "rightId": "STR-17",
      "rightName": "WQ Alpha 088 - Liquidity Adjusted Momentum",
      "correlation": 0.939,
      "status": "Breach"
    },
    {
      "leftId": "STR-02",
      "leftName": "WQ Alpha 004 - Rank Momentum",
      "rightId": "STR-17",
      "rightName": "WQ Alpha 088 - Liquidity Adjusted Momentum",
      "correlation": 0.937,
      "status": "Breach"
    },
    {
      "leftId": "STR-06",
      "leftName": "WQ Alpha 024 - Delayed Momentum",
      "rightId": "STR-17",
      "rightName": "WQ Alpha 088 - Liquidity Adjusted Momentum",
      "correlation": 0.937,
      "status": "Breach"
    },
    {
      "leftId": "STR-06",
      "leftName": "WQ Alpha 024 - Delayed Momentum",
      "rightId": "STR-14",
      "rightName": "WQ Alpha 071 - Composite Rank",
      "correlation": 0.931,
      "status": "Breach"
    }
  ]
}
