{
  "method": "Pearson correlation",
  "windowDays": 63,
  "actualWindowDays": 63,
  "timing": "Completed daily strategy returns only",
  "purpose": "Risk monitoring and diversification review; not signal generation",
  "asOf": "2026-06-24",
  "labels": [
    "STR-01",
    "STR-02",
    "STR-03",
    "STR-04",
    "STR-05",
    "STR-06",
    "STR-07",
    "STR-08",
    "STR-09",
    "STR-10",
    "STR-11",
    "STR-12",
    "STR-13",
    "STR-14",
    "STR-15",
    "STR-16",
    "STR-17",
    "STR-18",
    "STR-19",
    "STR-20"
  ],
  "names": [
    "WQ Alpha 001 - Short-Term Reversal",
    "WQ Alpha 004 - Rank Momentum",
    "WQ Alpha 006 - Volume Price Divergence",
    "WQ Alpha 012 - Open-Close Pressure",
    "WQ Alpha 021 - Trend Stability",
    "WQ Alpha 024 - Delayed Momentum",
    "WQ Alpha 028 - Correlation Reversal",
    "WQ Alpha 032 - VWAP Mean Reversion",
    "WQ Alpha 041 - High-Low Range",
    "WQ Alpha 043 - Volume Acceleration",
    "WQ Alpha 051 - Decay Momentum",
    "WQ Alpha 055 - Turnover Reversal",
    "WQ Alpha 060 - Price Volume Rank",
    "WQ Alpha 071 - Composite Rank",
    "WQ Alpha 078 - Correlation Break",
    "WQ Alpha 083 - Range Momentum",
    "WQ Alpha 088 - Liquidity Adjusted Momentum",
    "WQ Alpha 092 - Delayed Reversal",
    "WQ Alpha 096 - Risk Controlled Momentum",
    "WQ Alpha 101 - Close To Open Reversal"
  ],
  "matrix": [
    [
      1.0,
      0.178,
      -0.146,
      0.085,
      0.127,
      0.215,
      0.496,
      0.862,
      0.203,
      0.531,
      0.037,
      0.964,
      0.037,
      0.329,
      0.476,
      0.135,
      0.221,
      0.276,
      0.111,
      0.525
    ],
    [
      0.178,
      1.0,
      0.688,
      0.293,
      0.939,
      0.949,
      -0.043,
      0.102,
      0.394,
      0.38,
      0.875,
      0.145,
      0.785,
      0.873,
      0.42,
      0.856,
      0.93,
      0.045,
      0.908,
      0.544
    ],
    [
      -0.146,
      0.688,
      1.0,
      0.604,
      0.636,
      0.596,
      0.002,
      -0.101,
      0.471,
      0.29,
      0.859,
      -0.153,
      0.868,
      0.491,
      0.37,
      0.797,
      0.603,
      0.134,
      0.626,
      0.306
    ],
    [
      0.085,
      0.293,
      0.604,
      1.0,
      0.218,
      0.222,
      0.361,
      0.099,
      0.341,
      0.517,
      0.472,
      0.09,
      0.519,
      0.101,
      0.357,
      0.443,
      0.184,
      0.363,
      0.138,
      -0.122
    ],
    [
      0.127,
      0.939,
      0.636,
      0.218,
      1.0,
      0.959,
      -0.162,
      0.023,
      0.295,
      0.259,
      0.83,
      0.097,
      0.723,
      0.912,
      0.336,
      0.796,
      0.942,
      -0.088,
      0.924,
      0.481
    ],
    [
      0.215,
      0.949,
      0.596,
      0.222,
      0.959,
      1.0,
      -0.067,
      0.106,
      0.309,
      0.279,
      0.813,
      0.176,
      0.724,
      0.936,
      0.396,
      0.793,
      0.948,
      -0.029,
      0.916,
      0.546
    ],
    [
      0.496,
      -0.043,
      0.002,
      0.361,
      -0.162,
      -0.067,
      1.0,
      0.542,
      0.402,
      0.601,
      -0.004,
      0.5,
      0.009,
      -0.04,
      0.459,
      0.048,
      -0.031,
      0.744,
      -0.25,
      0.225
    ],
    [
      0.862,
      0.102,
      -0.101,
      0.099,
      0.023,
      0.106,
      0.542,
      1.0,
      0.274,
      0.579,
      -0.003,
      0.884,
      0.001,
      0.194,
      0.519,
      0.077,
      0.116,
      0.483,
      0.036,
      0.521
    ],
    [
      0.203,
      0.394,
      0.471,
      0.341,
      0.295,
      0.309,
      0.402,
      0.274,
      1.0,
      0.473,
      0.463,
      0.155,
      0.473,
      0.24,
      0.522,
      0.456,
      0.406,
      0.499,
      0.297,
      0.298
    ],
    [
      0.531,
      0.38,
      0.29,
      0.517,
      0.259,
      0.279,
      0.601,
      0.579,
      0.473,
      1.0,
      0.387,
      0.498,
      0.343,
      0.246,
      0.643,
      0.403,
      0.336,
      0.693,
      0.168,
      0.313
    ],
    [
      0.037,
      0.875,
      0.859,
      0.472,
      0.83,
      0.813,
      -0.004,
      -0.003,
      0.463,
      0.387,
      1.0,
      0.013,
      0.922,
      0.742,
      0.444,
      0.948,
      0.846,
      0.076,
      0.807,
      0.451
    ],
    [
      0.964,
      0.145,
      -0.153,
      0.09,
      0.097,
      0.176,
      0.5,
      0.884,
      0.155,
      0.498,
      0.013,
      1.0,
      -0.005,
      0.299,
      0.463,
      0.121,
      0.18,
      0.275,
      0.079,
      0.539
    ],
    [
      0.037,
      0.785,
      0.868,
      0.519,
      0.723,
      0.724,
      0.009,
      0.001,
      0.473,
      0.343,
      0.922,
      -0.005,
      1.0,
      0.646,
      0.36,
      0.85,
      0.754,
      0.108,
      0.7,
      0.422
    ],
    [
      0.329,
      0.873,
      0.491,
      0.101,
      0.912,
      0.936,
      -0.04,
      0.194,
      0.24,
      0.246,
      0.742,
      0.299,
      0.646,
      1.0,
      0.39,
      0.74,
      0.93,
      -0.061,
      0.885,
      0.639
    ],
    [
      0.476,
      0.42,
      0.37,
      0.357,
      0.336,
      0.396,
      0.459,
      0.519,
      0.522,
      0.643,
      0.444,
      0.463,
      0.36,
      0.39,
      1.0,
      0.52,
      0.411,
      0.48,
      0.341,
      0.561
    ],
    [
      0.135,
      0.856,
      0.797,
      0.443,
      0.796,
      0.793,
      0.048,
      0.077,
      0.456,
      0.403,
      0.948,
      0.121,
      0.85,
      0.74,
      0.52,
      1.0,
      0.81,
      0.09,
      0.784,
      0.518
    ],
    [
      0.221,
      0.93,
      0.603,
      0.184,
      0.942,
      0.948,
      -0.031,
      0.116,
      0.406,
      0.336,
      0.846,
      0.18,
      0.754,
      0.93,
      0.411,
      0.81,
      1.0,
      0.021,
      0.881,
      0.589
    ],
    [
      0.276,
      0.045,
      0.134,
      0.363,
      -0.088,
      -0.029,
      0.744,
      0.483,
      0.499,
      0.693,
      0.076,
      0.275,
      0.108,
      -0.061,
      0.48,
      0.09,
      0.021,
      1.0,
      -0.143,
      0.17
    ],
    [
      0.111,
      0.908,
      0.626,
      0.138,
      0.924,
      0.916,
      -0.25,
      0.036,
      0.297,
      0.168,
      0.807,
      0.079,
      0.7,
      0.885,
      0.341,
      0.784,
      0.881,
      -0.143,
      1.0,
      0.504
    ],
    [
      0.525,
      0.544,
      0.306,
      -0.122,
      0.481,
      0.546,
      0.225,
      0.521,
      0.298,
      0.313,
      0.451,
      0.539,
      0.422,
      0.639,
      0.561,
      0.518,
      0.589,
      0.17,
      0.504,
      1.0
    ]
  ],
  "highCorrelationPairs": [
    {
      "leftId": "STR-01",
      "leftName": "WQ Alpha 001 - Short-Term Reversal",
      "rightId": "STR-12",
      "rightName": "WQ Alpha 055 - Turnover Reversal",
      "correlation": 0.964,
      "status": "Breach"
    },
    {
      "leftId": "STR-05",
      "leftName": "WQ Alpha 021 - Trend Stability",
      "rightId": "STR-06",
      "rightName": "WQ Alpha 024 - Delayed Momentum",
      "correlation": 0.959,
      "status": "Breach"
    },
    {
      "leftId": "STR-02",
      "leftName": "WQ Alpha 004 - Rank Momentum",
      "rightId": "STR-06",
      "rightName": "WQ Alpha 024 - Delayed Momentum",
      "correlation": 0.949,
      "status": "Breach"
    },
    {
      "leftId": "STR-06",
      "leftName": "WQ Alpha 024 - Delayed Momentum",
      "rightId": "STR-17",
      "rightName": "WQ Alpha 088 - Liquidity Adjusted Momentum",
      "correlation": 0.948,
      "status": "Breach"
    },
    {
      "leftId": "STR-11",
      "leftName": "WQ Alpha 051 - Decay Momentum",
      "rightId": "STR-16",
      "rightName": "WQ Alpha 083 - Range Momentum",
      "correlation": 0.948,
      "status": "Breach"
    },
    {
      "leftId": "STR-05",
      "leftName": "WQ Alpha 021 - Trend Stability",
      "rightId": "STR-17",
      "rightName": "WQ Alpha 088 - Liquidity Adjusted Momentum",
      "correlation": 0.942,
      "status": "Breach"
    },
    {
      "leftId": "STR-02",
      "leftName": "WQ Alpha 004 - Rank Momentum",
      "rightId": "STR-05",
      "rightName": "WQ Alpha 021 - Trend Stability",
      "correlation": 0.939,
      "status": "Breach"
    },
    {
      "leftId": "STR-06",
      "leftName": "WQ Alpha 024 - Delayed Momentum",
      "rightId": "STR-14",
      "rightName": "WQ Alpha 071 - Composite Rank",
      "correlation": 0.936,
      "status": "Breach"
    },
    {
      "leftId": "STR-02",
      "leftName": "WQ Alpha 004 - Rank Momentum",
      "rightId": "STR-17",
      "rightName": "WQ Alpha 088 - Liquidity Adjusted Momentum",
      "correlation": 0.93,
      "status": "Breach"
    },
    {
      "leftId": "STR-14",
      "leftName": "WQ Alpha 071 - Composite Rank",
      "rightId": "STR-17",
      "rightName": "WQ Alpha 088 - Liquidity Adjusted Momentum",
      "correlation": 0.93,
      "status": "Breach"
    }
  ]
}
