{
  "method": "Pearson correlation",
  "windowDays": 63,
  "actualWindowDays": 63,
  "timing": "Completed daily strategy returns only",
  "purpose": "Risk monitoring and diversification review; not signal generation",
  "asOf": "2026-06-16",
  "labels": [
    "STR-01",
    "STR-02",
    "STR-03",
    "STR-04",
    "STR-05",
    "STR-06",
    "STR-07",
    "STR-08",
    "STR-09",
    "STR-10",
    "STR-11",
    "STR-12",
    "STR-13",
    "STR-14",
    "STR-15",
    "STR-16",
    "STR-17",
    "STR-18",
    "STR-19",
    "STR-20"
  ],
  "names": [
    "WQ Alpha 001 - Short-Term Reversal",
    "WQ Alpha 004 - Rank Momentum",
    "WQ Alpha 006 - Volume Price Divergence",
    "WQ Alpha 012 - Open-Close Pressure",
    "WQ Alpha 021 - Trend Stability",
    "WQ Alpha 024 - Delayed Momentum",
    "WQ Alpha 028 - Correlation Reversal",
    "WQ Alpha 032 - VWAP Mean Reversion",
    "WQ Alpha 041 - High-Low Range",
    "WQ Alpha 043 - Volume Acceleration",
    "WQ Alpha 051 - Decay Momentum",
    "WQ Alpha 055 - Turnover Reversal",
    "WQ Alpha 060 - Price Volume Rank",
    "WQ Alpha 071 - Composite Rank",
    "WQ Alpha 078 - Correlation Break",
    "WQ Alpha 083 - Range Momentum",
    "WQ Alpha 088 - Liquidity Adjusted Momentum",
    "WQ Alpha 092 - Delayed Reversal",
    "WQ Alpha 096 - Risk Controlled Momentum",
    "WQ Alpha 101 - Close To Open Reversal"
  ],
  "matrix": [
    [
      1.0,
      0.3,
      -0.041,
      0.151,
      0.247,
      0.334,
      0.486,
      0.849,
      0.236,
      0.557,
      0.135,
      0.959,
      0.135,
      0.423,
      0.489,
      0.22,
      0.333,
      0.365,
      0.204,
      0.562
    ],
    [
      0.3,
      1.0,
      0.627,
      0.221,
      0.925,
      0.94,
      -0.016,
      0.194,
      0.334,
      0.387,
      0.858,
      0.257,
      0.762,
      0.867,
      0.456,
      0.85,
      0.919,
      -0.013,
      0.894,
      0.6
    ],
    [
      -0.041,
      0.627,
      1.0,
      0.571,
      0.571,
      0.521,
      0.065,
      0.003,
      0.434,
      0.319,
      0.837,
      -0.062,
      0.854,
      0.45,
      0.435,
      0.784,
      0.538,
      0.111,
      0.561,
      0.345
    ],
    [
      0.151,
      0.221,
      0.571,
      1.0,
      0.139,
      0.138,
      0.399,
      0.154,
      0.289,
      0.527,
      0.429,
      0.155,
      0.475,
      0.061,
      0.391,
      0.415,
      0.113,
      0.347,
      0.057,
      -0.121
    ],
    [
      0.247,
      0.925,
      0.571,
      0.139,
      1.0,
      0.952,
      -0.128,
      0.115,
      0.241,
      0.262,
      0.809,
      0.206,
      0.695,
      0.909,
      0.364,
      0.781,
      0.932,
      -0.15,
      0.911,
      0.531
    ],
    [
      0.334,
      0.94,
      0.521,
      0.138,
      0.952,
      1.0,
      -0.039,
      0.195,
      0.234,
      0.279,
      0.789,
      0.284,
      0.692,
      0.937,
      0.425,
      0.78,
      0.939,
      -0.092,
      0.902,
      0.603
    ],
    [
      0.486,
      -0.016,
      0.065,
      0.399,
      -0.128,
      -0.039,
      1.0,
      0.544,
      0.462,
      0.586,
      0.046,
      0.471,
      0.059,
      0.003,
      0.472,
      0.096,
      0.01,
      0.82,
      -0.249,
      0.232
    ],
    [
      0.849,
      0.194,
      0.003,
      0.154,
      0.115,
      0.195,
      0.544,
      1.0,
      0.318,
      0.585,
      0.091,
      0.868,
      0.081,
      0.278,
      0.545,
      0.165,
      0.207,
      0.551,
      0.111,
      0.552
    ],
    [
      0.236,
      0.334,
      0.434,
      0.289,
      0.241,
      0.234,
      0.462,
      0.318,
      1.0,
      0.525,
      0.424,
      0.185,
      0.422,
      0.219,
      0.581,
      0.431,
      0.353,
      0.555,
      0.224,
      0.314
    ],
    [
      0.557,
      0.387,
      0.319,
      0.527,
      0.262,
      0.279,
      0.586,
      0.585,
      0.525,
      1.0,
      0.442,
      0.541,
      0.379,
      0.272,
      0.657,
      0.465,
      0.367,
      0.653,
      0.169,
      0.345
    ],
    [
      0.135,
      0.858,
      0.837,
      0.429,
      0.809,
      0.789,
      0.046,
      0.091,
      0.424,
      0.442,
      1.0,
      0.098,
      0.906,
      0.732,
      0.516,
      0.948,
      0.827,
      0.065,
      0.777,
      0.481
    ],
    [
      0.959,
      0.257,
      -0.062,
      0.155,
      0.206,
      0.284,
      0.471,
      0.868,
      0.185,
      0.541,
      0.098,
      1.0,
      0.079,
      0.379,
      0.485,
      0.197,
      0.282,
      0.352,
      0.166,
      0.56
    ],
    [
      0.135,
      0.762,
      0.854,
      0.475,
      0.695,
      0.692,
      0.059,
      0.081,
      0.422,
      0.379,
      0.906,
      0.079,
      1.0,
      0.626,
      0.415,
      0.834,
      0.718,
      0.083,
      0.671,
      0.446
    ],
    [
      0.423,
      0.867,
      0.45,
      0.061,
      0.909,
      0.937,
      0.003,
      0.278,
      0.219,
      0.272,
      0.732,
      0.379,
      0.626,
      1.0,
      0.428,
      0.73,
      0.933,
      -0.058,
      0.868,
      0.666
    ],
    [
      0.489,
      0.456,
      0.435,
      0.391,
      0.364,
      0.425,
      0.472,
      0.545,
      0.581,
      0.657,
      0.516,
      0.485,
      0.415,
      0.428,
      1.0,
      0.583,
      0.465,
      0.521,
      0.359,
      0.604
    ],
    [
      0.22,
      0.85,
      0.784,
      0.415,
      0.781,
      0.78,
      0.096,
      0.165,
      0.431,
      0.465,
      0.948,
      0.197,
      0.834,
      0.73,
      0.583,
      1.0,
      0.798,
      0.108,
      0.761,
      0.541
    ],
    [
      0.333,
      0.919,
      0.538,
      0.113,
      0.932,
      0.939,
      0.01,
      0.207,
      0.353,
      0.367,
      0.827,
      0.282,
      0.718,
      0.933,
      0.465,
      0.798,
      1.0,
      -0.009,
      0.859,
      0.633
    ],
    [
      0.365,
      -0.013,
      0.111,
      0.347,
      -0.15,
      -0.092,
      0.82,
      0.551,
      0.555,
      0.653,
      0.065,
      0.352,
      0.083,
      -0.058,
      0.521,
      0.108,
      -0.009,
      1.0,
      -0.207,
      0.203
    ],
    [
      0.204,
      0.894,
      0.561,
      0.057,
      0.911,
      0.902,
      -0.249,
      0.111,
      0.224,
      0.169,
      0.777,
      0.166,
      0.671,
      0.868,
      0.359,
      0.761,
      0.859,
      -0.207,
      1.0,
      0.546
    ],
    [
      0.562,
      0.6,
      0.345,
      -0.121,
      0.531,
      0.603,
      0.232,
      0.552,
      0.314,
      0.345,
      0.481,
      0.56,
      0.446,
      0.666,
      0.604,
      0.541,
      0.633,
      0.203,
      0.546,
      1.0
    ]
  ],
  "highCorrelationPairs": [
    {
      "leftId": "STR-01",
      "leftName": "WQ Alpha 001 - Short-Term Reversal",
      "rightId": "STR-12",
      "rightName": "WQ Alpha 055 - Turnover Reversal",
      "correlation": 0.959,
      "status": "Breach"
    },
    {
      "leftId": "STR-05",
      "leftName": "WQ Alpha 021 - Trend Stability",
      "rightId": "STR-06",
      "rightName": "WQ Alpha 024 - Delayed Momentum",
      "correlation": 0.952,
      "status": "Breach"
    },
    {
      "leftId": "STR-11",
      "leftName": "WQ Alpha 051 - Decay Momentum",
      "rightId": "STR-16",
      "rightName": "WQ Alpha 083 - Range Momentum",
      "correlation": 0.948,
      "status": "Breach"
    },
    {
      "leftId": "STR-02",
      "leftName": "WQ Alpha 004 - Rank Momentum",
      "rightId": "STR-06",
      "rightName": "WQ Alpha 024 - Delayed Momentum",
      "correlation": 0.94,
      "status": "Breach"
    },
    {
      "leftId": "STR-06",
      "leftName": "WQ Alpha 024 - Delayed Momentum",
      "rightId": "STR-17",
      "rightName": "WQ Alpha 088 - Liquidity Adjusted Momentum",
      "correlation": 0.939,
      "status": "Breach"
    },
    {
      "leftId": "STR-06",
      "leftName": "WQ Alpha 024 - Delayed Momentum",
      "rightId": "STR-14",
      "rightName": "WQ Alpha 071 - Composite Rank",
      "correlation": 0.937,
      "status": "Breach"
    },
    {
      "leftId": "STR-14",
      "leftName": "WQ Alpha 071 - Composite Rank",
      "rightId": "STR-17",
      "rightName": "WQ Alpha 088 - Liquidity Adjusted Momentum",
      "correlation": 0.933,
      "status": "Breach"
    },
    {
      "leftId": "STR-05",
      "leftName": "WQ Alpha 021 - Trend Stability",
      "rightId": "STR-17",
      "rightName": "WQ Alpha 088 - Liquidity Adjusted Momentum",
      "correlation": 0.932,
      "status": "Breach"
    },
    {
      "leftId": "STR-02",
      "leftName": "WQ Alpha 004 - Rank Momentum",
      "rightId": "STR-05",
      "rightName": "WQ Alpha 021 - Trend Stability",
      "correlation": 0.925,
      "status": "Breach"
    },
    {
      "leftId": "STR-02",
      "leftName": "WQ Alpha 004 - Rank Momentum",
      "rightId": "STR-17",
      "rightName": "WQ Alpha 088 - Liquidity Adjusted Momentum",
      "correlation": 0.919,
      "status": "Breach"
    }
  ]
}
