{
  "method": "Pearson correlation",
  "windowDays": 63,
  "actualWindowDays": 63,
  "timing": "Completed daily strategy returns only",
  "purpose": "Risk monitoring and diversification review; not signal generation",
  "asOf": "2026-06-16",
  "labels": [
    "STR-01",
    "STR-02",
    "STR-03",
    "STR-04",
    "STR-05",
    "STR-06",
    "STR-07",
    "STR-08",
    "STR-09",
    "STR-10",
    "STR-11",
    "STR-12",
    "STR-13",
    "STR-14",
    "STR-15",
    "STR-16",
    "STR-17",
    "STR-18",
    "STR-19",
    "STR-20"
  ],
  "names": [
    "WQ Alpha 001 - Short-Term Reversal",
    "WQ Alpha 004 - Rank Momentum",
    "WQ Alpha 006 - Volume Price Divergence",
    "WQ Alpha 012 - Open-Close Pressure",
    "WQ Alpha 021 - Trend Stability",
    "WQ Alpha 024 - Delayed Momentum",
    "WQ Alpha 028 - Correlation Reversal",
    "WQ Alpha 032 - VWAP Mean Reversion",
    "WQ Alpha 041 - High-Low Range",
    "WQ Alpha 043 - Volume Acceleration",
    "WQ Alpha 051 - Decay Momentum",
    "WQ Alpha 055 - Turnover Reversal",
    "WQ Alpha 060 - Price Volume Rank",
    "WQ Alpha 071 - Composite Rank",
    "WQ Alpha 078 - Correlation Break",
    "WQ Alpha 083 - Range Momentum",
    "WQ Alpha 088 - Liquidity Adjusted Momentum",
    "WQ Alpha 092 - Delayed Reversal",
    "WQ Alpha 096 - Risk Controlled Momentum",
    "WQ Alpha 101 - Close To Open Reversal"
  ],
  "matrix": [
    [
      1.0,
      0.307,
      -0.014,
      0.205,
      0.233,
      0.34,
      0.506,
      0.845,
      0.132,
      0.565,
      0.145,
      0.955,
      0.161,
      0.431,
      0.494,
      0.239,
      0.319,
      0.365,
      0.2,
      0.556
    ],
    [
      0.307,
      1.0,
      0.613,
      0.212,
      0.937,
      0.938,
      -0.018,
      0.153,
      0.246,
      0.376,
      0.862,
      0.256,
      0.784,
      0.86,
      0.465,
      0.863,
      0.922,
      -0.031,
      0.921,
      0.614
    ],
    [
      -0.014,
      0.613,
      1.0,
      0.599,
      0.586,
      0.535,
      0.141,
      0.022,
      0.41,
      0.36,
      0.831,
      -0.041,
      0.825,
      0.437,
      0.442,
      0.794,
      0.555,
      0.186,
      0.548,
      0.404
    ],
    [
      0.205,
      0.212,
      0.599,
      1.0,
      0.16,
      0.163,
      0.396,
      0.175,
      0.268,
      0.538,
      0.448,
      0.169,
      0.46,
      0.063,
      0.354,
      0.414,
      0.133,
      0.334,
      0.079,
      -0.07
    ],
    [
      0.233,
      0.937,
      0.586,
      0.16,
      1.0,
      0.945,
      -0.073,
      0.057,
      0.208,
      0.269,
      0.838,
      0.174,
      0.757,
      0.895,
      0.378,
      0.819,
      0.938,
      -0.108,
      0.935,
      0.556
    ],
    [
      0.34,
      0.938,
      0.535,
      0.163,
      0.945,
      1.0,
      -0.012,
      0.159,
      0.144,
      0.274,
      0.807,
      0.286,
      0.739,
      0.925,
      0.436,
      0.812,
      0.937,
      -0.088,
      0.921,
      0.639
    ],
    [
      0.506,
      -0.018,
      0.141,
      0.396,
      -0.073,
      -0.012,
      1.0,
      0.562,
      0.347,
      0.613,
      0.1,
      0.507,
      0.118,
      0.059,
      0.428,
      0.113,
      0.043,
      0.774,
      -0.195,
      0.256
    ],
    [
      0.845,
      0.153,
      0.022,
      0.175,
      0.057,
      0.159,
      0.562,
      1.0,
      0.249,
      0.59,
      0.061,
      0.861,
      0.071,
      0.256,
      0.533,
      0.135,
      0.144,
      0.563,
      0.043,
      0.528
    ],
    [
      0.132,
      0.246,
      0.41,
      0.268,
      0.208,
      0.144,
      0.347,
      0.249,
      1.0,
      0.485,
      0.383,
      0.104,
      0.324,
      0.152,
      0.515,
      0.359,
      0.301,
      0.518,
      0.155,
      0.253
    ],
    [
      0.565,
      0.376,
      0.36,
      0.538,
      0.269,
      0.274,
      0.613,
      0.59,
      0.485,
      1.0,
      0.458,
      0.565,
      0.373,
      0.28,
      0.656,
      0.46,
      0.35,
      0.699,
      0.156,
      0.37
    ],
    [
      0.145,
      0.862,
      0.831,
      0.448,
      0.838,
      0.807,
      0.1,
      0.061,
      0.383,
      0.458,
      1.0,
      0.099,
      0.91,
      0.724,
      0.507,
      0.96,
      0.844,
      0.13,
      0.78,
      0.528
    ],
    [
      0.955,
      0.256,
      -0.041,
      0.169,
      0.174,
      0.286,
      0.507,
      0.861,
      0.104,
      0.565,
      0.099,
      1.0,
      0.077,
      0.402,
      0.51,
      0.2,
      0.274,
      0.369,
      0.155,
      0.561
    ],
    [
      0.161,
      0.784,
      0.825,
      0.46,
      0.757,
      0.739,
      0.118,
      0.071,
      0.324,
      0.373,
      0.91,
      0.077,
      1.0,
      0.648,
      0.383,
      0.87,
      0.757,
      0.108,
      0.688,
      0.496
    ],
    [
      0.431,
      0.86,
      0.437,
      0.063,
      0.895,
      0.925,
      0.059,
      0.256,
      0.152,
      0.28,
      0.724,
      0.402,
      0.648,
      1.0,
      0.432,
      0.732,
      0.935,
      -0.038,
      0.866,
      0.697
    ],
    [
      0.494,
      0.465,
      0.442,
      0.354,
      0.378,
      0.436,
      0.428,
      0.533,
      0.515,
      0.656,
      0.507,
      0.51,
      0.383,
      0.432,
      1.0,
      0.55,
      0.466,
      0.5,
      0.366,
      0.645
    ],
    [
      0.239,
      0.863,
      0.794,
      0.414,
      0.819,
      0.812,
      0.113,
      0.135,
      0.359,
      0.46,
      0.96,
      0.2,
      0.87,
      0.732,
      0.55,
      1.0,
      0.819,
      0.115,
      0.791,
      0.589
    ],
    [
      0.319,
      0.922,
      0.555,
      0.133,
      0.938,
      0.937,
      0.043,
      0.144,
      0.301,
      0.35,
      0.844,
      0.274,
      0.757,
      0.935,
      0.466,
      0.819,
      1.0,
      -0.001,
      0.879,
      0.652
    ],
    [
      0.365,
      -0.031,
      0.186,
      0.334,
      -0.108,
      -0.088,
      0.774,
      0.563,
      0.518,
      0.699,
      0.13,
      0.369,
      0.108,
      -0.038,
      0.5,
      0.115,
      -0.001,
      1.0,
      -0.186,
      0.228
    ],
    [
      0.2,
      0.921,
      0.548,
      0.079,
      0.935,
      0.921,
      -0.195,
      0.043,
      0.155,
      0.156,
      0.78,
      0.155,
      0.688,
      0.866,
      0.366,
      0.791,
      0.879,
      -0.186,
      1.0,
      0.577
    ],
    [
      0.556,
      0.614,
      0.404,
      -0.07,
      0.556,
      0.639,
      0.256,
      0.528,
      0.253,
      0.37,
      0.528,
      0.561,
      0.496,
      0.697,
      0.645,
      0.589,
      0.652,
      0.228,
      0.577,
      1.0
    ]
  ],
  "highCorrelationPairs": [
    {
      "leftId": "STR-11",
      "leftName": "WQ Alpha 051 - Decay Momentum",
      "rightId": "STR-16",
      "rightName": "WQ Alpha 083 - Range Momentum",
      "correlation": 0.96,
      "status": "Breach"
    },
    {
      "leftId": "STR-01",
      "leftName": "WQ Alpha 001 - Short-Term Reversal",
      "rightId": "STR-12",
      "rightName": "WQ Alpha 055 - Turnover Reversal",
      "correlation": 0.955,
      "status": "Breach"
    },
    {
      "leftId": "STR-05",
      "leftName": "WQ Alpha 021 - Trend Stability",
      "rightId": "STR-06",
      "rightName": "WQ Alpha 024 - Delayed Momentum",
      "correlation": 0.945,
      "status": "Breach"
    },
    {
      "leftId": "STR-02",
      "leftName": "WQ Alpha 004 - Rank Momentum",
      "rightId": "STR-06",
      "rightName": "WQ Alpha 024 - Delayed Momentum",
      "correlation": 0.938,
      "status": "Breach"
    },
    {
      "leftId": "STR-05",
      "leftName": "WQ Alpha 021 - Trend Stability",
      "rightId": "STR-17",
      "rightName": "WQ Alpha 088 - Liquidity Adjusted Momentum",
      "correlation": 0.938,
      "status": "Breach"
    },
    {
      "leftId": "STR-02",
      "leftName": "WQ Alpha 004 - Rank Momentum",
      "rightId": "STR-05",
      "rightName": "WQ Alpha 021 - Trend Stability",
      "correlation": 0.937,
      "status": "Breach"
    },
    {
      "leftId": "STR-06",
      "leftName": "WQ Alpha 024 - Delayed Momentum",
      "rightId": "STR-17",
      "rightName": "WQ Alpha 088 - Liquidity Adjusted Momentum",
      "correlation": 0.937,
      "status": "Breach"
    },
    {
      "leftId": "STR-05",
      "leftName": "WQ Alpha 021 - Trend Stability",
      "rightId": "STR-19",
      "rightName": "WQ Alpha 096 - Risk Controlled Momentum",
      "correlation": 0.935,
      "status": "Breach"
    },
    {
      "leftId": "STR-14",
      "leftName": "WQ Alpha 071 - Composite Rank",
      "rightId": "STR-17",
      "rightName": "WQ Alpha 088 - Liquidity Adjusted Momentum",
      "correlation": 0.935,
      "status": "Breach"
    },
    {
      "leftId": "STR-06",
      "leftName": "WQ Alpha 024 - Delayed Momentum",
      "rightId": "STR-14",
      "rightName": "WQ Alpha 071 - Composite Rank",
      "correlation": 0.925,
      "status": "Breach"
    }
  ]
}
