{
  "method": "Pearson correlation",
  "windowDays": 63,
  "actualWindowDays": 63,
  "timing": "Completed daily strategy returns only",
  "purpose": "Risk monitoring and diversification review; not signal generation",
  "asOf": "2026-06-15",
  "labels": [
    "STR-01",
    "STR-02",
    "STR-03",
    "STR-04",
    "STR-05",
    "STR-06",
    "STR-07",
    "STR-08",
    "STR-09",
    "STR-10",
    "STR-11",
    "STR-12",
    "STR-13",
    "STR-14",
    "STR-15",
    "STR-16",
    "STR-17",
    "STR-18",
    "STR-19",
    "STR-20"
  ],
  "names": [
    "WQ Alpha 001 - Short-Term Reversal",
    "WQ Alpha 004 - Rank Momentum",
    "WQ Alpha 006 - Volume Price Divergence",
    "WQ Alpha 012 - Open-Close Pressure",
    "WQ Alpha 021 - Trend Stability",
    "WQ Alpha 024 - Delayed Momentum",
    "WQ Alpha 028 - Correlation Reversal",
    "WQ Alpha 032 - VWAP Mean Reversion",
    "WQ Alpha 041 - High-Low Range",
    "WQ Alpha 043 - Volume Acceleration",
    "WQ Alpha 051 - Decay Momentum",
    "WQ Alpha 055 - Turnover Reversal",
    "WQ Alpha 060 - Price Volume Rank",
    "WQ Alpha 071 - Composite Rank",
    "WQ Alpha 078 - Correlation Break",
    "WQ Alpha 083 - Range Momentum",
    "WQ Alpha 088 - Liquidity Adjusted Momentum",
    "WQ Alpha 092 - Delayed Reversal",
    "WQ Alpha 096 - Risk Controlled Momentum",
    "WQ Alpha 101 - Close To Open Reversal"
  ],
  "matrix": [
    [
      1.0,
      0.294,
      -0.052,
      0.142,
      0.24,
      0.329,
      0.483,
      0.85,
      0.228,
      0.555,
      0.128,
      0.959,
      0.128,
      0.42,
      0.488,
      0.215,
      0.329,
      0.357,
      0.195,
      0.562
    ],
    [
      0.294,
      1.0,
      0.613,
      0.194,
      0.921,
      0.937,
      -0.018,
      0.17,
      0.318,
      0.381,
      0.855,
      0.248,
      0.757,
      0.862,
      0.464,
      0.85,
      0.915,
      -0.039,
      0.89,
      0.612
    ],
    [
      -0.052,
      0.613,
      1.0,
      0.56,
      0.556,
      0.503,
      0.066,
      -0.018,
      0.427,
      0.311,
      0.833,
      -0.075,
      0.851,
      0.431,
      0.44,
      0.78,
      0.521,
      0.095,
      0.547,
      0.347
    ],
    [
      0.142,
      0.194,
      0.56,
      1.0,
      0.109,
      0.109,
      0.408,
      0.136,
      0.285,
      0.518,
      0.415,
      0.145,
      0.467,
      0.031,
      0.393,
      0.401,
      0.081,
      0.339,
      0.03,
      -0.126
    ],
    [
      0.24,
      0.921,
      0.556,
      0.109,
      1.0,
      0.949,
      -0.134,
      0.087,
      0.222,
      0.251,
      0.805,
      0.196,
      0.689,
      0.905,
      0.37,
      0.78,
      0.929,
      -0.181,
      0.907,
      0.542
    ],
    [
      0.329,
      0.937,
      0.503,
      0.109,
      0.949,
      1.0,
      -0.041,
      0.171,
      0.215,
      0.269,
      0.784,
      0.276,
      0.685,
      0.934,
      0.432,
      0.777,
      0.936,
      -0.119,
      0.898,
      0.615
    ],
    [
      0.483,
      -0.018,
      0.066,
      0.408,
      -0.134,
      -0.041,
      1.0,
      0.542,
      0.467,
      0.58,
      0.045,
      0.467,
      0.066,
      -0.001,
      0.469,
      0.092,
      0.007,
      0.824,
      -0.256,
      0.227
    ],
    [
      0.85,
      0.17,
      -0.018,
      0.136,
      0.087,
      0.171,
      0.542,
      1.0,
      0.303,
      0.582,
      0.073,
      0.868,
      0.066,
      0.259,
      0.548,
      0.152,
      0.185,
      0.539,
      0.087,
      0.555
    ],
    [
      0.228,
      0.318,
      0.427,
      0.285,
      0.222,
      0.215,
      0.467,
      0.303,
      1.0,
      0.515,
      0.414,
      0.174,
      0.423,
      0.199,
      0.581,
      0.419,
      0.337,
      0.551,
      0.205,
      0.309
    ],
    [
      0.555,
      0.381,
      0.311,
      0.518,
      0.251,
      0.269,
      0.58,
      0.582,
      0.515,
      1.0,
      0.437,
      0.538,
      0.371,
      0.264,
      0.657,
      0.46,
      0.36,
      0.645,
      0.157,
      0.345
    ],
    [
      0.128,
      0.855,
      0.833,
      0.415,
      0.805,
      0.784,
      0.045,
      0.073,
      0.414,
      0.437,
      1.0,
      0.089,
      0.904,
      0.724,
      0.52,
      0.947,
      0.823,
      0.049,
      0.77,
      0.484
    ],
    [
      0.959,
      0.248,
      -0.075,
      0.145,
      0.196,
      0.276,
      0.467,
      0.868,
      0.174,
      0.538,
      0.089,
      1.0,
      0.07,
      0.373,
      0.485,
      0.19,
      0.274,
      0.343,
      0.154,
      0.561
    ],
    [
      0.128,
      0.757,
      0.851,
      0.467,
      0.689,
      0.685,
      0.066,
      0.066,
      0.423,
      0.371,
      0.904,
      0.07,
      1.0,
      0.615,
      0.419,
      0.829,
      0.71,
      0.074,
      0.663,
      0.447
    ],
    [
      0.42,
      0.862,
      0.431,
      0.031,
      0.905,
      0.934,
      -0.001,
      0.259,
      0.199,
      0.264,
      0.724,
      0.373,
      0.615,
      1.0,
      0.433,
      0.725,
      0.931,
      -0.082,
      0.863,
      0.676
    ],
    [
      0.488,
      0.464,
      0.44,
      0.393,
      0.37,
      0.432,
      0.469,
      0.548,
      0.581,
      0.657,
      0.52,
      0.485,
      0.419,
      0.433,
      1.0,
      0.585,
      0.473,
      0.518,
      0.36,
      0.602
    ],
    [
      0.215,
      0.85,
      0.78,
      0.401,
      0.78,
      0.777,
      0.092,
      0.152,
      0.419,
      0.46,
      0.947,
      0.19,
      0.829,
      0.725,
      0.585,
      1.0,
      0.796,
      0.093,
      0.756,
      0.543
    ],
    [
      0.329,
      0.915,
      0.521,
      0.081,
      0.929,
      0.936,
      0.007,
      0.185,
      0.337,
      0.36,
      0.823,
      0.274,
      0.71,
      0.931,
      0.473,
      0.796,
      1.0,
      -0.034,
      0.854,
      0.646
    ],
    [
      0.357,
      -0.039,
      0.095,
      0.339,
      -0.181,
      -0.119,
      0.824,
      0.539,
      0.551,
      0.645,
      0.049,
      0.343,
      0.074,
      -0.082,
      0.518,
      0.093,
      -0.034,
      1.0,
      -0.232,
      0.199
    ],
    [
      0.195,
      0.89,
      0.547,
      0.03,
      0.907,
      0.898,
      -0.256,
      0.087,
      0.205,
      0.157,
      0.77,
      0.154,
      0.663,
      0.863,
      0.36,
      0.756,
      0.854,
      -0.232,
      1.0,
      0.552
    ],
    [
      0.562,
      0.612,
      0.347,
      -0.126,
      0.542,
      0.615,
      0.227,
      0.555,
      0.309,
      0.345,
      0.484,
      0.561,
      0.447,
      0.676,
      0.602,
      0.543,
      0.646,
      0.199,
      0.552,
      1.0
    ]
  ],
  "highCorrelationPairs": [
    {
      "leftId": "STR-01",
      "leftName": "WQ Alpha 001 - Short-Term Reversal",
      "rightId": "STR-12",
      "rightName": "WQ Alpha 055 - Turnover Reversal",
      "correlation": 0.959,
      "status": "Breach"
    },
    {
      "leftId": "STR-05",
      "leftName": "WQ Alpha 021 - Trend Stability",
      "rightId": "STR-06",
      "rightName": "WQ Alpha 024 - Delayed Momentum",
      "correlation": 0.949,
      "status": "Breach"
    },
    {
      "leftId": "STR-11",
      "leftName": "WQ Alpha 051 - Decay Momentum",
      "rightId": "STR-16",
      "rightName": "WQ Alpha 083 - Range Momentum",
      "correlation": 0.947,
      "status": "Breach"
    },
    {
      "leftId": "STR-02",
      "leftName": "WQ Alpha 004 - Rank Momentum",
      "rightId": "STR-06",
      "rightName": "WQ Alpha 024 - Delayed Momentum",
      "correlation": 0.937,
      "status": "Breach"
    },
    {
      "leftId": "STR-06",
      "leftName": "WQ Alpha 024 - Delayed Momentum",
      "rightId": "STR-17",
      "rightName": "WQ Alpha 088 - Liquidity Adjusted Momentum",
      "correlation": 0.936,
      "status": "Breach"
    },
    {
      "leftId": "STR-06",
      "leftName": "WQ Alpha 024 - Delayed Momentum",
      "rightId": "STR-14",
      "rightName": "WQ Alpha 071 - Composite Rank",
      "correlation": 0.934,
      "status": "Breach"
    },
    {
      "leftId": "STR-14",
      "leftName": "WQ Alpha 071 - Composite Rank",
      "rightId": "STR-17",
      "rightName": "WQ Alpha 088 - Liquidity Adjusted Momentum",
      "correlation": 0.931,
      "status": "Breach"
    },
    {
      "leftId": "STR-05",
      "leftName": "WQ Alpha 021 - Trend Stability",
      "rightId": "STR-17",
      "rightName": "WQ Alpha 088 - Liquidity Adjusted Momentum",
      "correlation": 0.929,
      "status": "Breach"
    },
    {
      "leftId": "STR-02",
      "leftName": "WQ Alpha 004 - Rank Momentum",
      "rightId": "STR-05",
      "rightName": "WQ Alpha 021 - Trend Stability",
      "correlation": 0.921,
      "status": "Breach"
    },
    {
      "leftId": "STR-02",
      "leftName": "WQ Alpha 004 - Rank Momentum",
      "rightId": "STR-17",
      "rightName": "WQ Alpha 088 - Liquidity Adjusted Momentum",
      "correlation": 0.915,
      "status": "Breach"
    }
  ]
}
