{
  "method": "Pearson correlation",
  "windowDays": 63,
  "actualWindowDays": 63,
  "timing": "Completed daily strategy returns only",
  "purpose": "Risk monitoring and diversification review; not signal generation",
  "asOf": "2026-06-18",
  "labels": [
    "STR-01",
    "STR-02",
    "STR-03",
    "STR-04",
    "STR-05",
    "STR-06",
    "STR-07",
    "STR-08",
    "STR-09",
    "STR-10",
    "STR-11",
    "STR-12",
    "STR-13",
    "STR-14",
    "STR-15",
    "STR-16",
    "STR-17",
    "STR-18",
    "STR-19",
    "STR-20"
  ],
  "names": [
    "WQ Alpha 001 - Short-Term Reversal",
    "WQ Alpha 004 - Rank Momentum",
    "WQ Alpha 006 - Volume Price Divergence",
    "WQ Alpha 012 - Open-Close Pressure",
    "WQ Alpha 021 - Trend Stability",
    "WQ Alpha 024 - Delayed Momentum",
    "WQ Alpha 028 - Correlation Reversal",
    "WQ Alpha 032 - VWAP Mean Reversion",
    "WQ Alpha 041 - High-Low Range",
    "WQ Alpha 043 - Volume Acceleration",
    "WQ Alpha 051 - Decay Momentum",
    "WQ Alpha 055 - Turnover Reversal",
    "WQ Alpha 060 - Price Volume Rank",
    "WQ Alpha 071 - Composite Rank",
    "WQ Alpha 078 - Correlation Break",
    "WQ Alpha 083 - Range Momentum",
    "WQ Alpha 088 - Liquidity Adjusted Momentum",
    "WQ Alpha 092 - Delayed Reversal",
    "WQ Alpha 096 - Risk Controlled Momentum",
    "WQ Alpha 101 - Close To Open Reversal"
  ],
  "matrix": [
    [
      1.0,
      0.232,
      -0.101,
      0.131,
      0.17,
      0.27,
      0.49,
      0.864,
      0.274,
      0.516,
      0.098,
      0.959,
      0.096,
      0.376,
      0.484,
      0.195,
      0.29,
      0.302,
      0.147,
      0.543
    ],
    [
      0.232,
      1.0,
      0.642,
      0.231,
      0.93,
      0.943,
      -0.034,
      0.147,
      0.308,
      0.406,
      0.855,
      0.192,
      0.761,
      0.864,
      0.449,
      0.837,
      0.917,
      0.027,
      0.897,
      0.556
    ],
    [
      -0.101,
      0.642,
      1.0,
      0.568,
      0.587,
      0.537,
      0.031,
      -0.053,
      0.383,
      0.317,
      0.832,
      -0.121,
      0.85,
      0.45,
      0.411,
      0.769,
      0.541,
      0.132,
      0.575,
      0.307
    ],
    [
      0.131,
      0.231,
      0.568,
      1.0,
      0.149,
      0.152,
      0.388,
      0.139,
      0.279,
      0.533,
      0.427,
      0.13,
      0.472,
      0.058,
      0.392,
      0.409,
      0.116,
      0.352,
      0.068,
      -0.138
    ],
    [
      0.17,
      0.93,
      0.587,
      0.149,
      1.0,
      0.954,
      -0.156,
      0.057,
      0.202,
      0.27,
      0.801,
      0.132,
      0.692,
      0.899,
      0.348,
      0.763,
      0.926,
      -0.108,
      0.913,
      0.481
    ],
    [
      0.27,
      0.943,
      0.537,
      0.152,
      0.954,
      1.0,
      -0.058,
      0.151,
      0.213,
      0.297,
      0.784,
      0.222,
      0.691,
      0.931,
      0.42,
      0.764,
      0.937,
      -0.048,
      0.904,
      0.556
    ],
    [
      0.49,
      -0.034,
      0.031,
      0.388,
      -0.156,
      -0.058,
      1.0,
      0.542,
      0.457,
      0.56,
      0.024,
      0.477,
      0.038,
      -0.018,
      0.463,
      0.08,
      -0.007,
      0.78,
      -0.267,
      0.229
    ],
    [
      0.864,
      0.147,
      -0.053,
      0.139,
      0.057,
      0.151,
      0.542,
      1.0,
      0.346,
      0.547,
      0.055,
      0.877,
      0.048,
      0.243,
      0.54,
      0.14,
      0.177,
      0.491,
      0.068,
      0.534
    ],
    [
      0.274,
      0.308,
      0.383,
      0.279,
      0.202,
      0.213,
      0.457,
      0.346,
      1.0,
      0.504,
      0.392,
      0.212,
      0.391,
      0.192,
      0.583,
      0.405,
      0.332,
      0.521,
      0.199,
      0.297
    ],
    [
      0.516,
      0.406,
      0.317,
      0.533,
      0.27,
      0.297,
      0.56,
      0.547,
      0.504,
      1.0,
      0.43,
      0.496,
      0.371,
      0.262,
      0.655,
      0.446,
      0.369,
      0.658,
      0.182,
      0.308
    ],
    [
      0.098,
      0.855,
      0.832,
      0.427,
      0.801,
      0.784,
      0.024,
      0.055,
      0.392,
      0.43,
      1.0,
      0.067,
      0.907,
      0.731,
      0.497,
      0.945,
      0.826,
      0.065,
      0.776,
      0.465
    ],
    [
      0.959,
      0.192,
      -0.121,
      0.13,
      0.132,
      0.222,
      0.477,
      0.877,
      0.212,
      0.496,
      0.067,
      1.0,
      0.045,
      0.339,
      0.473,
      0.178,
      0.242,
      0.283,
      0.111,
      0.555
    ],
    [
      0.096,
      0.761,
      0.85,
      0.472,
      0.692,
      0.691,
      0.038,
      0.048,
      0.391,
      0.371,
      0.907,
      0.045,
      1.0,
      0.625,
      0.4,
      0.832,
      0.718,
      0.084,
      0.673,
      0.429
    ],
    [
      0.376,
      0.864,
      0.45,
      0.058,
      0.899,
      0.931,
      -0.018,
      0.243,
      0.192,
      0.262,
      0.731,
      0.339,
      0.625,
      1.0,
      0.414,
      0.727,
      0.933,
      -0.058,
      0.866,
      0.648
    ],
    [
      0.484,
      0.449,
      0.411,
      0.392,
      0.348,
      0.42,
      0.463,
      0.54,
      0.583,
      0.655,
      0.497,
      0.473,
      0.4,
      0.414,
      1.0,
      0.564,
      0.458,
      0.514,
      0.351,
      0.575
    ],
    [
      0.195,
      0.837,
      0.769,
      0.409,
      0.763,
      0.764,
      0.08,
      0.14,
      0.405,
      0.446,
      0.945,
      0.178,
      0.832,
      0.727,
      0.564,
      1.0,
      0.793,
      0.094,
      0.752,
      0.533
    ],
    [
      0.29,
      0.917,
      0.541,
      0.116,
      0.926,
      0.937,
      -0.007,
      0.177,
      0.332,
      0.369,
      0.826,
      0.242,
      0.718,
      0.933,
      0.458,
      0.793,
      1.0,
      0.004,
      0.86,
      0.608
    ],
    [
      0.302,
      0.027,
      0.132,
      0.352,
      -0.108,
      -0.048,
      0.78,
      0.491,
      0.521,
      0.658,
      0.065,
      0.283,
      0.084,
      -0.058,
      0.514,
      0.094,
      0.004,
      1.0,
      -0.17,
      0.159
    ],
    [
      0.147,
      0.897,
      0.575,
      0.068,
      0.913,
      0.904,
      -0.267,
      0.068,
      0.199,
      0.182,
      0.776,
      0.111,
      0.673,
      0.866,
      0.351,
      0.752,
      0.86,
      -0.17,
      1.0,
      0.509
    ],
    [
      0.543,
      0.556,
      0.307,
      -0.138,
      0.481,
      0.556,
      0.229,
      0.534,
      0.297,
      0.308,
      0.465,
      0.555,
      0.429,
      0.648,
      0.575,
      0.533,
      0.608,
      0.159,
      0.509,
      1.0
    ]
  ],
  "highCorrelationPairs": [
    {
      "leftId": "STR-01",
      "leftName": "WQ Alpha 001 - Short-Term Reversal",
      "rightId": "STR-12",
      "rightName": "WQ Alpha 055 - Turnover Reversal",
      "correlation": 0.959,
      "status": "Breach"
    },
    {
      "leftId": "STR-05",
      "leftName": "WQ Alpha 021 - Trend Stability",
      "rightId": "STR-06",
      "rightName": "WQ Alpha 024 - Delayed Momentum",
      "correlation": 0.954,
      "status": "Breach"
    },
    {
      "leftId": "STR-11",
      "leftName": "WQ Alpha 051 - Decay Momentum",
      "rightId": "STR-16",
      "rightName": "WQ Alpha 083 - Range Momentum",
      "correlation": 0.945,
      "status": "Breach"
    },
    {
      "leftId": "STR-02",
      "leftName": "WQ Alpha 004 - Rank Momentum",
      "rightId": "STR-06",
      "rightName": "WQ Alpha 024 - Delayed Momentum",
      "correlation": 0.943,
      "status": "Breach"
    },
    {
      "leftId": "STR-06",
      "leftName": "WQ Alpha 024 - Delayed Momentum",
      "rightId": "STR-17",
      "rightName": "WQ Alpha 088 - Liquidity Adjusted Momentum",
      "correlation": 0.937,
      "status": "Breach"
    },
    {
      "leftId": "STR-14",
      "leftName": "WQ Alpha 071 - Composite Rank",
      "rightId": "STR-17",
      "rightName": "WQ Alpha 088 - Liquidity Adjusted Momentum",
      "correlation": 0.933,
      "status": "Breach"
    },
    {
      "leftId": "STR-06",
      "leftName": "WQ Alpha 024 - Delayed Momentum",
      "rightId": "STR-14",
      "rightName": "WQ Alpha 071 - Composite Rank",
      "correlation": 0.931,
      "status": "Breach"
    },
    {
      "leftId": "STR-02",
      "leftName": "WQ Alpha 004 - Rank Momentum",
      "rightId": "STR-05",
      "rightName": "WQ Alpha 021 - Trend Stability",
      "correlation": 0.93,
      "status": "Breach"
    },
    {
      "leftId": "STR-05",
      "leftName": "WQ Alpha 021 - Trend Stability",
      "rightId": "STR-17",
      "rightName": "WQ Alpha 088 - Liquidity Adjusted Momentum",
      "correlation": 0.926,
      "status": "Breach"
    },
    {
      "leftId": "STR-02",
      "leftName": "WQ Alpha 004 - Rank Momentum",
      "rightId": "STR-17",
      "rightName": "WQ Alpha 088 - Liquidity Adjusted Momentum",
      "correlation": 0.917,
      "status": "Breach"
    }
  ]
}
