{
  "method": "Pearson correlation",
  "windowDays": 63,
  "actualWindowDays": 63,
  "timing": "Completed daily strategy returns only",
  "purpose": "Risk monitoring and diversification review; not signal generation",
  "asOf": "2026-06-15",
  "labels": [
    "STR-01",
    "STR-02",
    "STR-03",
    "STR-04",
    "STR-05",
    "STR-06",
    "STR-07",
    "STR-08",
    "STR-09",
    "STR-10",
    "STR-11",
    "STR-12",
    "STR-13",
    "STR-14",
    "STR-15",
    "STR-16",
    "STR-17",
    "STR-18",
    "STR-19",
    "STR-20"
  ],
  "names": [
    "WQ Alpha 001 - Short-Term Reversal",
    "WQ Alpha 004 - Rank Momentum",
    "WQ Alpha 006 - Volume Price Divergence",
    "WQ Alpha 012 - Open-Close Pressure",
    "WQ Alpha 021 - Trend Stability",
    "WQ Alpha 024 - Delayed Momentum",
    "WQ Alpha 028 - Correlation Reversal",
    "WQ Alpha 032 - VWAP Mean Reversion",
    "WQ Alpha 041 - High-Low Range",
    "WQ Alpha 043 - Volume Acceleration",
    "WQ Alpha 051 - Decay Momentum",
    "WQ Alpha 055 - Turnover Reversal",
    "WQ Alpha 060 - Price Volume Rank",
    "WQ Alpha 071 - Composite Rank",
    "WQ Alpha 078 - Correlation Break",
    "WQ Alpha 083 - Range Momentum",
    "WQ Alpha 088 - Liquidity Adjusted Momentum",
    "WQ Alpha 092 - Delayed Reversal",
    "WQ Alpha 096 - Risk Controlled Momentum",
    "WQ Alpha 101 - Close To Open Reversal"
  ],
  "matrix": [
    [
      1.0,
      0.291,
      -0.057,
      0.139,
      0.237,
      0.328,
      0.481,
      0.85,
      0.228,
      0.555,
      0.125,
      0.959,
      0.125,
      0.419,
      0.488,
      0.213,
      0.326,
      0.357,
      0.196,
      0.562
    ],
    [
      0.291,
      1.0,
      0.609,
      0.189,
      0.92,
      0.935,
      -0.018,
      0.161,
      0.315,
      0.377,
      0.854,
      0.243,
      0.757,
      0.861,
      0.461,
      0.848,
      0.914,
      -0.039,
      0.89,
      0.611
    ],
    [
      -0.057,
      0.609,
      1.0,
      0.559,
      0.551,
      0.499,
      0.067,
      -0.027,
      0.424,
      0.306,
      0.831,
      -0.081,
      0.851,
      0.427,
      0.436,
      0.778,
      0.516,
      0.095,
      0.543,
      0.344
    ],
    [
      0.139,
      0.189,
      0.559,
      1.0,
      0.103,
      0.103,
      0.409,
      0.129,
      0.28,
      0.514,
      0.412,
      0.14,
      0.467,
      0.026,
      0.389,
      0.398,
      0.076,
      0.34,
      0.025,
      -0.13
    ],
    [
      0.237,
      0.92,
      0.551,
      0.103,
      1.0,
      0.949,
      -0.135,
      0.077,
      0.218,
      0.246,
      0.803,
      0.19,
      0.689,
      0.905,
      0.367,
      0.777,
      0.928,
      -0.182,
      0.908,
      0.541
    ],
    [
      0.328,
      0.935,
      0.499,
      0.103,
      0.949,
      1.0,
      -0.042,
      0.168,
      0.215,
      0.267,
      0.782,
      0.274,
      0.682,
      0.934,
      0.431,
      0.775,
      0.935,
      -0.12,
      0.899,
      0.615
    ],
    [
      0.481,
      -0.018,
      0.067,
      0.409,
      -0.135,
      -0.042,
      1.0,
      0.54,
      0.465,
      0.579,
      0.045,
      0.465,
      0.067,
      -0.002,
      0.467,
      0.092,
      0.008,
      0.824,
      -0.257,
      0.226
    ],
    [
      0.85,
      0.161,
      -0.027,
      0.129,
      0.077,
      0.168,
      0.54,
      1.0,
      0.305,
      0.582,
      0.066,
      0.868,
      0.058,
      0.256,
      0.548,
      0.145,
      0.175,
      0.539,
      0.088,
      0.555
    ],
    [
      0.228,
      0.315,
      0.424,
      0.28,
      0.218,
      0.215,
      0.465,
      0.305,
      1.0,
      0.515,
      0.412,
      0.175,
      0.418,
      0.199,
      0.581,
      0.417,
      0.334,
      0.55,
      0.206,
      0.309
    ],
    [
      0.555,
      0.377,
      0.306,
      0.514,
      0.246,
      0.267,
      0.579,
      0.582,
      0.515,
      1.0,
      0.434,
      0.538,
      0.367,
      0.262,
      0.657,
      0.458,
      0.355,
      0.645,
      0.158,
      0.345
    ],
    [
      0.125,
      0.854,
      0.831,
      0.412,
      0.803,
      0.782,
      0.045,
      0.066,
      0.412,
      0.434,
      1.0,
      0.085,
      0.903,
      0.722,
      0.518,
      0.947,
      0.821,
      0.049,
      0.769,
      0.483
    ],
    [
      0.959,
      0.243,
      -0.081,
      0.14,
      0.19,
      0.274,
      0.465,
      0.868,
      0.175,
      0.538,
      0.085,
      1.0,
      0.066,
      0.372,
      0.485,
      0.187,
      0.269,
      0.343,
      0.155,
      0.561
    ],
    [
      0.125,
      0.757,
      0.851,
      0.467,
      0.689,
      0.682,
      0.067,
      0.058,
      0.418,
      0.367,
      0.903,
      0.066,
      1.0,
      0.612,
      0.415,
      0.828,
      0.711,
      0.074,
      0.658,
      0.444
    ],
    [
      0.419,
      0.861,
      0.427,
      0.026,
      0.905,
      0.934,
      -0.002,
      0.256,
      0.199,
      0.262,
      0.722,
      0.372,
      0.612,
      1.0,
      0.431,
      0.724,
      0.93,
      -0.082,
      0.863,
      0.676
    ],
    [
      0.488,
      0.461,
      0.436,
      0.389,
      0.367,
      0.431,
      0.467,
      0.548,
      0.581,
      0.657,
      0.518,
      0.485,
      0.415,
      0.431,
      1.0,
      0.584,
      0.47,
      0.518,
      0.36,
      0.602
    ],
    [
      0.213,
      0.848,
      0.778,
      0.398,
      0.777,
      0.775,
      0.092,
      0.145,
      0.417,
      0.458,
      0.947,
      0.187,
      0.828,
      0.724,
      0.584,
      1.0,
      0.794,
      0.093,
      0.755,
      0.542
    ],
    [
      0.326,
      0.914,
      0.516,
      0.076,
      0.928,
      0.935,
      0.008,
      0.175,
      0.334,
      0.355,
      0.821,
      0.269,
      0.711,
      0.93,
      0.47,
      0.794,
      1.0,
      -0.035,
      0.853,
      0.646
    ],
    [
      0.357,
      -0.039,
      0.095,
      0.34,
      -0.182,
      -0.12,
      0.824,
      0.539,
      0.55,
      0.645,
      0.049,
      0.343,
      0.074,
      -0.082,
      0.518,
      0.093,
      -0.035,
      1.0,
      -0.232,
      0.199
    ],
    [
      0.196,
      0.89,
      0.543,
      0.025,
      0.908,
      0.899,
      -0.257,
      0.088,
      0.206,
      0.158,
      0.769,
      0.155,
      0.658,
      0.863,
      0.36,
      0.755,
      0.853,
      -0.232,
      1.0,
      0.552
    ],
    [
      0.562,
      0.611,
      0.344,
      -0.13,
      0.541,
      0.615,
      0.226,
      0.555,
      0.309,
      0.345,
      0.483,
      0.561,
      0.444,
      0.676,
      0.602,
      0.542,
      0.646,
      0.199,
      0.552,
      1.0
    ]
  ],
  "highCorrelationPairs": [
    {
      "leftId": "STR-01",
      "leftName": "WQ Alpha 001 - Short-Term Reversal",
      "rightId": "STR-12",
      "rightName": "WQ Alpha 055 - Turnover Reversal",
      "correlation": 0.959,
      "status": "Breach"
    },
    {
      "leftId": "STR-05",
      "leftName": "WQ Alpha 021 - Trend Stability",
      "rightId": "STR-06",
      "rightName": "WQ Alpha 024 - Delayed Momentum",
      "correlation": 0.949,
      "status": "Breach"
    },
    {
      "leftId": "STR-11",
      "leftName": "WQ Alpha 051 - Decay Momentum",
      "rightId": "STR-16",
      "rightName": "WQ Alpha 083 - Range Momentum",
      "correlation": 0.947,
      "status": "Breach"
    },
    {
      "leftId": "STR-02",
      "leftName": "WQ Alpha 004 - Rank Momentum",
      "rightId": "STR-06",
      "rightName": "WQ Alpha 024 - Delayed Momentum",
      "correlation": 0.935,
      "status": "Breach"
    },
    {
      "leftId": "STR-06",
      "leftName": "WQ Alpha 024 - Delayed Momentum",
      "rightId": "STR-17",
      "rightName": "WQ Alpha 088 - Liquidity Adjusted Momentum",
      "correlation": 0.935,
      "status": "Breach"
    },
    {
      "leftId": "STR-06",
      "leftName": "WQ Alpha 024 - Delayed Momentum",
      "rightId": "STR-14",
      "rightName": "WQ Alpha 071 - Composite Rank",
      "correlation": 0.934,
      "status": "Breach"
    },
    {
      "leftId": "STR-14",
      "leftName": "WQ Alpha 071 - Composite Rank",
      "rightId": "STR-17",
      "rightName": "WQ Alpha 088 - Liquidity Adjusted Momentum",
      "correlation": 0.93,
      "status": "Breach"
    },
    {
      "leftId": "STR-05",
      "leftName": "WQ Alpha 021 - Trend Stability",
      "rightId": "STR-17",
      "rightName": "WQ Alpha 088 - Liquidity Adjusted Momentum",
      "correlation": 0.928,
      "status": "Breach"
    },
    {
      "leftId": "STR-02",
      "leftName": "WQ Alpha 004 - Rank Momentum",
      "rightId": "STR-05",
      "rightName": "WQ Alpha 021 - Trend Stability",
      "correlation": 0.92,
      "status": "Breach"
    },
    {
      "leftId": "STR-02",
      "leftName": "WQ Alpha 004 - Rank Momentum",
      "rightId": "STR-17",
      "rightName": "WQ Alpha 088 - Liquidity Adjusted Momentum",
      "correlation": 0.914,
      "status": "Breach"
    }
  ]
}
